1A34 STMV capsid: CA centroid of each of the 60 capsid-protein copies; columns: component copy x y z (angstrom)
CP 01 34.979 54.486 27.863
CP 02 56.868 40.957 7.555
CP 03 47.202 46.931 -23.194
CP 04 19.340 64.151 -21.889
CP 05 11.785 68.820 9.665
CP 06 7.555 56.868 40.957
CP 07 -23.194 47.202 46.931
CP 08 -21.889 19.340 64.151
CP 09 9.665 11.785 68.820
CP 10 27.863 34.979 54.486
CP 11 -23.194 -47.202 -46.931
CP 12 -21.889 -19.340 -64.151
CP 13 9.665 -11.785 -68.820
CP 14 27.863 -34.979 -54.486
CP 15 7.555 -56.868 -40.957
CP 16 -19.340 -64.151 -21.889
CP 17 -11.785 -68.820 9.665
CP 18 -34.979 -54.486 27.863
CP 19 -56.868 -40.957 7.555
CP 20 -47.202 -46.931 -23.194
CP 21 64.151 -21.889 19.340
CP 22 68.820 9.665 11.785
CP 23 54.486 27.863 34.979
CP 24 40.957 7.555 56.868
CP 25 46.931 -23.194 47.202
CP 26 47.202 -46.931 23.194
CP 27 19.340 -64.151 21.889
CP 28 11.785 -68.820 -9.665
CP 29 34.979 -54.486 -27.863
CP 30 56.868 -40.957 -7.555
CP 31 -56.868 40.957 -7.555
CP 32 -47.202 46.931 23.194
CP 33 -19.340 64.151 21.889
CP 34 -11.785 68.820 -9.665
CP 35 -34.979 54.486 -27.863
CP 36 -54.486 27.863 -34.979
CP 37 -40.957 7.555 -56.868
CP 38 -46.931 -23.194 -47.202
CP 39 -64.151 -21.889 -19.340
CP 40 -68.820 9.665 -11.785
CP 41 46.931 23.194 -47.202
CP 42 64.151 21.889 -19.340
CP 43 68.820 -9.665 -11.785
CP 44 54.486 -27.863 -34.979
CP 45 40.957 -7.555 -56.868
CP 46 21.889 19.340 -64.151
CP 47 -9.665 11.785 -68.820
CP 48 -27.863 34.979 -54.486
CP 49 -7.555 56.868 -40.957
CP 50 23.194 47.202 -46.931
CP 51 -27.863 -34.979 54.486
CP 52 -7.555 -56.868 40.957
CP 53 23.194 -47.202 46.931
CP 54 21.889 -19.340 64.151
CP 55 -9.665 -11.785 68.820
CP 56 -40.957 -7.555 56.868
CP 57 -46.931 23.194 47.202
CP 58 -64.151 21.889 19.340
CP 59 -68.820 -9.665 11.785
CP 60 -54.486 -27.863 34.979
