The XYZ file lists one point per residue (protein Cα as C, DNA phosphorus as P) of the nucleosome core particle NCP147, PDB 1KX5 (angstrom). Select all supplied points. Treat each selected point as an identical point scatterer (no form factor, no solvent). A small-angle scattering measurement is to be set at the q where the orientation-averaged normalized intensity I(q)/I(0) of the selected points first falls to 0.50. Starting from q = 0, at which q (in nm⁻¹, q = 4π sinθ/λ) does I(q)/I(0) first reach 0.50? Compute the intensity exactly from all point pairs.

选项：
A. 0.213 nm⁻¹
B. 0.376 nm⁻¹
C. 0.542 nm⁻¹
D. 0.553 nm⁻¹

附件：1KX5-residue-points.xyz（均为本题完整输入）。范围：约简表示：每残基一个点（蛋白 Cα、DNA P）；晶体结构 1.94 Å；组蛋白尾部位置取沉积模型。 只回答一个字母 A、B、C 或 D。

===== 1KX5-residue-points.xyz =====
1266
1KX5 nucleosome core particle NCP147: one point per residue (protein CA as C, nucleic-acid P as P), deposited model, angstrom
P 17.935 138.346 27.497
P 12.194 138.674 23.960
P 9.330 136.107 18.600
P 9.076 132.205 13.158
P 11.200 126.881 9.610
P 13.677 120.623 11.069
P 18.209 117.049 14.993
P 17.951 113.954 20.920
P 15.753 112.014 26.487
P 10.559 109.373 29.505
P 4.210 108.368 31.043
P -0.372 105.022 27.943
P -3.192 101.954 23.260
P -3.527 97.844 17.906
P -0.724 94.668 12.685
P 3.843 90.660 11.284
P 10.307 88.952 10.935
P 13.793 86.969 16.563
P 13.246 84.984 23.007
P 10.039 80.600 26.758
P 5.881 76.416 28.940
P 3.810 69.356 27.548
P 2.284 64.471 23.186
P 5.545 60.444 19.592
P 10.108 58.020 15.543
P 15.564 57.619 12.510
P 22.165 58.948 11.216
P 26.763 63.131 14.504
P 28.251 65.213 20.755
P 30.327 62.765 26.471
P 30.936 57.776 30.916
P 32.329 51.887 33.053
P 33.861 45.651 31.658
P 39.546 42.861 28.655
P 43.447 42.160 23.258
P 48.132 44.862 19.258
P 50.947 50.291 16.429
P 53.192 56.302 16.900
P 53.235 62.765 19.536
P 56.548 64.975 24.811
P 58.795 64.234 31.228
P 63.954 61.488 34.367
P 70.452 59.670 33.687
P 75.855 59.208 29.902
P 79.245 60.789 24.818
P 80.342 62.623 18.390
P 79.484 67.978 14.621
P 75.640 73.682 13.426
P 74.055 79.121 16.577
P 74.191 83.259 21.870
P 77.476 85.981 27.067
P 83.139 88.371 28.911
P 89.827 88.849 28.114
P 94.583 90.589 23.712
P 96.920 94.881 21.271
P 96.756 96.475 14.286
P 93.842 100.404 9.983
P 88.424 102.415 7.040
P 81.450 102.119 7.509
P 77.085 105.172 11.513
P 75.201 108.405 17.429
P 76.357 114.010 20.618
P 78.656 120.439 20.712
P 80.189 125.771 17.282
P 79.968 129.831 12.048
P 76.796 131.709 6.735
P 72.567 130.841 1.860
P 68.935 126.404 -1.958
P 63.227 123.325 -0.790
P 58.581 121.112 3.466
P 54.734 122.415 9.007
P 50.881 127.528 10.949
P 49.306 134.005 11.761
P 46.776 138.935 8.220
P 43.498 140.834 2.779
P 40.540 140.162 -3.320
P 37.044 136.824 -7.601
P 35.805 131.129 -11.469
P 33.170 125.398 -9.787
P 33.743 120.311 -4.952
P 28.994 118.938 -0.186
P 24.643 120.987 4.826
P 18.547 123.802 5.522
P 12.713 125.087 2.515
P 8.537 124.069 -2.259
P 5.823 121.992 -8.051
P 5.657 116.671 -11.802
P 7.193 110.580 -13.184
P 11.954 105.883 -12.556
P 14.662 101.259 -8.624
P 14.742 99.337 -1.972
P 10.369 97.565 2.845
P 4.681 94.855 4.393
P 0.149 90.416 3.178
P -1.553 85.219 -0.520
P -1.788 81.453 -5.672
P 1.147 77.199 -9.892
P 5.764 75.656 -14.808
P 12.052 74.040 -14.554
P 18.493 76.064 -12.857
P 21.730 74.203 -7.453
P 21.821 72.729 -0.663
P 20.465 67.009 2.725
P 17.087 61.211 4.367
P 17.911 54.809 2.579
P 20.231 49.755 -1.349
P 23.118 47.720 -7.011
P 28.967 47.538 -9.683
P 34.718 49.987 -12.343
P 39.133 55.477 -11.797
P 42.909 57.267 -6.379
P 44.460 57.292 0.065
P 44.643 53.275 5.833
P 47.440 48.011 8.078
P 52.589 43.965 6.890
P 57.107 40.040 3.769
P 61.688 40.786 -0.992
P 65.447 43.810 -5.698
P 66.611 49.335 -8.938
P 66.729 56.060 -9.031
P 67.122 61.788 -6.244
P 67.216 66.162 -0.847
P 70.970 66.784 4.818
P 76.388 65.035 8.419
P 82.500 64.542 8.158
P 88.511 63.884 5.300
P 92.098 65.513 -0.178
P 93.123 68.992 -5.444
P 91.307 72.323 -11.213
P 86.548 76.222 -13.912
P 82.748 81.387 -13.970
P 78.709 86.450 -11.327
P 79.759 91.216 -7.072
P 82.788 93.799 -1.560
P 88.449 97.586 -1.610
P 93.318 100.860 -4.636
P 96.915 103.472 -9.241
P 96.664 106.634 -15.054
P 92.426 109.787 -19.244
P 86.258 109.894 -22.564
P 80.264 112.279 -21.017
P 75.173 113.389 -16.960
P 73.159 116.302 -11.420
P 74.015 121.040 -6.913
P 76.052 127.427 -6.192
P 80.445 132.642 -6.101
P 81.440 128.440 -23.556
P 86.794 128.127 -20.487
P 89.110 124.979 -15.065
P 89.296 123.670 -8.209
P 86.311 119.601 -3.877
P 82.653 113.729 -3.989
P 77.772 110.009 -7.046
P 77.124 105.656 -11.821
P 79.002 102.047 -16.842
P 83.459 99.033 -20.898
P 88.961 95.575 -21.580
P 93.830 92.970 -17.879
P 96.393 89.955 -12.737
P 96.121 86.642 -7.064
P 93.517 85.541 -0.729
P 88.113 83.468 1.987
P 80.986 83.498 1.851
P 77.456 79.891 -2.604
P 77.347 75.823 -8.305
P 79.899 70.978 -11.464
P 82.745 65.046 -12.385
P 83.963 59.375 -9.614
P 84.531 55.180 -4.391
P 81.823 52.679 0.934
P 77.004 52.043 5.223
P 71.013 52.391 7.686
P 65.181 55.985 8.972
P 61.406 59.416 4.584
P 59.607 60.402 -1.690
P 57.412 57.055 -6.733
P 56.185 51.495 -10.328
P 54.287 45.078 -10.744
P 50.550 40.106 -7.939
P 45.810 38.195 -3.862
P 41.030 39.816 0.063
P 37.311 44.136 3.800
P 35.700 50.498 5.301
P 34.258 56.377 3.338
P 34.915 61.924 -0.775
P 31.589 63.249 -6.360
P 29.076 61.318 -12.598
P 23.494 58.097 -14.815
P 17.114 57.274 -13.359
P 11.757 58.781 -9.607
P 8.893 62.168 -4.865
P 9.018 65.415 1.318
P 9.973 71.978 2.309
P 14.594 77.076 2.486
P 16.751 81.426 -1.836
P 17.204 84.153 -7.888
P 14.015 85.921 -13.723
P 8.365 88.767 -15.030
P 2.225 90.974 -14.689
P -1.928 94.445 -12.272
P -3.486 99.349 -8.358
P -2.890 103.255 -3.272
P 0.758 106.690 0.766
P 6.590 108.002 3.668
P 13.461 106.527 3.087
P 17.668 107.965 -1.948
P 19.383 109.474 -8.374
P 18.318 113.821 -13.129
P 18.587 120.572 -14.119
P 18.102 126.787 -12.179
P 17.921 131.948 -7.951
P 21.450 134.574 -3.039
P 25.771 134.218 1.979
P 29.192 130.331 6.598
P 34.396 126.421 6.115
P 38.511 122.557 2.550
P 42.132 122.127 -3.401
P 45.955 125.795 -7.296
P 49.733 131.221 -8.143
P 53.006 136.290 -5.798
P 56.259 139.424 -1.039
P 59.209 139.550 4.825
P 62.078 137.013 9.955
P 62.091 132.184 15.023
P 63.843 125.864 14.990
P 62.873 119.915 11.433
P 67.398 116.865 7.003
P 72.115 117.058 1.968
P 78.482 118.805 0.865
P 84.415 119.965 3.546
P 88.299 119.613 9.057
P 90.775 118.158 14.826
P 89.370 114.444 20.318
P 87.226 108.849 22.836
P 81.249 105.033 23.234
P 79.362 99.406 20.164
P 78.744 96.593 13.773
P 82.705 92.829 9.830
P 88.059 89.051 9.236
P 91.813 84.740 11.155
P 93.441 80.651 15.436
P 91.750 76.964 20.547
P 89.961 75.479 26.964
P 83.981 74.699 31.079
P 77.516 74.424 30.683
P 71.432 76.475 28.274
P 67.982 73.961 23.446
P 67.933 71.497 16.860
P 69.162 65.163 14.886
P 70.437 58.372 15.448
P 69.272 53.106 19.031
P 67.527 49.435 24.426
P 63.137 49.294 29.571
P 57.485 50.853 32.240
P 51.862 54.393 33.555
P 48.067 59.793 31.628
P 44.766 60.672 25.656
P 43.295 59.424 19.431
P 41.796 54.668 14.938
P 38.284 49.105 14.200
P 33.365 45.581 16.132
P 27.998 43.956 19.495
P 23.307 46.250 23.849
P 20.263 50.741 27.568
P 19.737 57.356 29.920
P 21.031 63.646 28.606
P 21.462 68.553 24.595
P 21.875 71.805 18.463
P 18.364 71.482 12.639
P 12.693 70.125 9.480
P 6.214 70.247 9.752
P 0.187 70.697 12.350
P -3.069 74.578 16.557
P -3.621 79.585 20.898
P -1.353 83.621 25.802
P 4.426 87.096 28.629
P 9.123 91.511 27.521
P 13.789 95.307 24.021
P 13.504 99.112 18.720
P 10.897 100.679 12.409
P 5.998 105.188 11.095
P 2.179 109.996 13.143
P -1.582 113.567 17.008
P -0.720 118.379 21.310
P 3.011 121.415 26.361
P 9.017 122.013 29.513
P 15.760 122.112 28.225
P 21.007 121.663 23.983
P 23.682 123.030 18.115
P 23.654 126.912 12.659
P 22.367 133.131 10.351
P 19.312 139.004 9.454
C 106.912 133.801 -29.864
C 109.230 133.643 -26.850
C 109.524 131.074 -24.045
C 108.946 133.453 -21.150
C 105.457 134.098 -19.767
C 105.430 130.611 -18.300
C 109.020 129.421 -17.896
C 106.945 127.390 -15.475
C 109.583 124.661 -15.235
C 108.552 121.287 -16.660
C 106.963 119.496 -13.711
C 106.647 119.961 -9.956
C 103.588 120.999 -8.000
C 105.766 122.349 -5.205
C 104.923 125.951 -4.308
C 108.041 126.995 -2.317
C 109.881 126.619 -5.630
C 113.558 126.590 -6.606
C 114.986 128.245 -3.470
C 114.696 127.139 0.165
C 111.398 126.515 1.961
C 109.456 123.278 1.472
C 105.917 123.600 2.831
C 102.787 121.646 1.905
C 101.474 124.514 -0.221
C 99.897 123.909 -3.628
C 96.864 126.039 -4.507
C 94.641 126.499 -1.457
C 95.496 128.135 1.866
C 99.091 127.670 3.103
C 98.128 130.109 5.856
C 95.572 129.565 8.626
C 92.130 131.131 8.350
C 89.923 131.293 5.264
C 89.501 129.497 1.943
C 87.644 131.466 -0.802
C 84.260 129.756 -1.223
C 84.907 126.021 -0.687
C 82.715 123.557 -2.555
C 79.203 122.811 -1.289
C 76.405 120.741 -2.797
C 72.951 122.276 -2.331
C 70.605 120.956 0.405
C 68.865 117.965 -1.147
C 71.537 117.043 -3.674
C 73.315 114.672 -1.311
C 70.038 113.349 0.138
C 69.068 112.375 -3.448
C 72.482 110.780 -3.992
C 71.957 108.686 -0.815
C 68.469 107.582 -1.874
C 69.969 106.328 -5.157
C 72.892 104.630 -3.384
C 70.712 102.796 -0.867
C 67.972 101.805 -3.286
C 70.611 100.112 -5.376
C 72.122 98.053 -2.545
C 70.691 95.364 -0.273
C 73.010 95.448 2.744
C 71.458 95.785 6.186
C 71.488 99.422 7.325
C 71.341 99.164 11.123
C 74.610 98.104 12.851
C 74.708 94.423 13.794
C 75.824 94.565 17.440
C 73.522 97.376 18.535
C 70.644 95.486 16.893
C 71.574 92.208 18.520
C 71.601 93.958 21.905
C 68.147 95.403 21.374
C 66.746 92.001 20.408
C 68.244 90.233 23.454
C 66.960 92.966 25.756
C 63.415 92.732 24.395
C 63.413 88.917 24.570
C 64.678 88.950 28.194
C 61.334 90.592 29.065
C 59.464 87.484 27.913
C 61.866 84.737 28.987
C 65.187 85.085 30.796
C 68.400 83.300 29.918
C 67.638 82.723 26.270
C 70.239 82.058 23.632
C 69.730 82.950 19.937
C 70.883 81.181 16.814
C 72.869 83.753 14.791
C 70.390 83.341 11.900
C 67.466 84.097 14.298
C 68.916 87.505 14.950
C 69.630 88.012 11.244
C 66.059 86.980 10.332
C 64.745 89.553 12.810
C 67.001 92.244 11.363
C 66.059 91.452 7.746
C 62.360 91.566 8.728
C 62.704 94.730 10.842
C 64.578 96.647 8.186
C 62.191 95.596 5.410
C 59.303 96.685 7.648
C 60.838 100.086 8.375
C 61.838 100.791 4.810
C 58.305 99.989 3.540
C 56.846 102.124 6.346
C 59.077 105.037 5.291
C 57.784 104.691 1.725
C 54.187 105.041 3.061
C 55.200 107.839 5.458
C 56.748 109.652 2.444
C 53.496 109.377 0.474
C 51.686 110.922 3.496
C 54.140 113.863 3.646
C 53.779 114.507 -0.061
C 50.000 114.255 0.297
C 50.230 117.204 2.683
C 52.355 119.116 0.140
C 55.547 118.610 2.145
C 58.826 116.905 1.292
C 59.826 116.476 4.925
C 58.502 113.431 6.763
C 57.112 114.073 10.218
C 55.808 111.897 13.089
C 52.215 112.641 12.030
C 53.038 111.040 8.658
C 54.307 107.864 10.302
C 51.218 107.898 12.556
C 48.809 108.339 9.668
C 50.433 105.502 7.728
C 50.297 103.136 10.703
C 46.669 104.022 11.442
C 45.598 103.317 7.841
C 47.603 100.101 7.797
C 45.667 98.972 10.855
C 48.759 98.930 13.060
C 47.546 101.783 15.260
C 43.926 101.353 14.287
C 90.043 119.832 32.931
C 86.851 121.146 31.364
C 88.330 122.502 28.142
C 86.633 123.237 24.839
C 82.956 123.245 23.950
C 83.267 121.259 20.748
C 86.443 121.052 18.696
C 90.019 119.790 18.931
C 91.584 119.459 22.378
C 90.646 116.589 24.676
C 87.762 115.831 27.017
C 85.588 118.213 25.010
C 82.034 117.292 24.012
C 81.560 113.790 22.662
C 83.770 111.754 24.977
C 81.984 108.753 26.501
C 83.649 105.417 27.229
C 81.614 102.328 28.092
C 79.717 99.750 26.098
C 76.202 98.936 27.212
C 75.398 96.706 30.149
C 72.391 99.027 30.493
C 72.716 102.147 28.312
C 71.733 102.980 24.716
C 70.228 99.779 23.310
C 67.077 101.159 21.649
C 69.084 104.371 21.685
C 71.715 102.344 19.909
C 69.632 102.384 16.724
C 71.274 105.586 15.579
C 69.997 108.654 13.805
C 72.315 107.749 10.891
C 70.984 104.202 10.571
C 67.389 105.539 10.605
C 68.294 108.119 7.963
C 69.741 105.318 5.825
C 66.564 103.243 6.209
C 64.540 106.302 5.203
C 66.762 106.862 2.133
C 66.198 103.313 0.965
C 62.506 104.147 1.525
C 62.869 107.144 -0.854
C 62.771 109.878 1.790
C 64.606 113.155 0.982
C 64.047 115.287 4.086
C 63.544 114.240 7.687
C 62.045 115.990 10.709
C 64.152 116.017 13.852
C 61.384 114.205 15.703
C 61.350 111.229 13.304
C 64.209 109.465 15.037
C 62.519 108.932 18.366
C 59.287 108.116 16.611
C 61.044 105.440 14.561
C 62.650 103.891 17.641
C 59.228 103.610 19.259
C 57.769 101.929 16.197
C 60.723 99.590 15.830
C 60.485 98.577 19.484
C 56.767 97.705 19.054
C 57.514 95.660 15.944
C 60.248 93.671 17.717
C 58.219 93.208 20.886
C 55.439 91.727 18.749
C 57.575 89.437 16.683
C 59.878 88.376 19.545
C 56.954 87.679 21.865
C 55.597 85.095 19.413
C 58.999 83.646 18.572
C 59.705 83.102 22.273
C 56.249 81.495 22.612
C 57.302 78.967 19.978
C 60.691 78.522 21.731
C 59.046 77.735 25.061
C 56.477 75.416 23.525
C 59.378 73.434 22.098
C 60.933 73.299 25.553
C 64.034 75.017 24.109
C 66.298 77.630 25.628
C 67.522 78.825 22.229
C 65.457 81.046 19.867
C 65.846 79.574 16.393
C 65.526 81.164 12.985
C 62.427 78.960 12.456
C 60.820 80.353 15.647
C 61.312 83.799 14.092
C 60.089 82.667 10.633
C 56.914 81.187 12.165
C 56.320 84.274 14.298
C 56.740 86.530 11.242
C 54.394 84.426 9.141
C 51.547 84.507 11.660
C 51.956 88.312 11.906
C 51.456 88.525 8.119
C 55.121 89.228 7.404
C 56.332 86.013 5.728
C 60.103 86.098 5.327
C 61.946 83.978 2.750
C 65.562 82.932 3.119
C 65.723 81.448 6.592
C 64.050 78.040 6.436
C 67.153 75.878 6.261
C 40.565 42.872 34.404
C 39.740 40.282 31.762
C 36.505 41.143 29.965
C 34.098 38.821 31.764
C 31.308 41.004 33.132
C 30.887 44.254 35.064
C 28.289 45.866 37.308
C 27.490 49.196 38.916
C 27.789 52.779 37.707
C 29.711 55.415 39.632
C 32.011 56.844 36.981
C 29.074 58.499 35.247
C 26.946 56.939 32.496
C 24.884 60.101 32.775
C 27.899 62.330 33.386
C 29.043 64.360 30.397
C 32.666 65.348 29.980
C 31.335 68.908 30.166
C 29.902 68.330 33.676
C 33.113 66.533 34.556
C 35.162 69.589 33.484
C 32.727 72.058 35.107
C 31.698 73.512 31.752
C 28.593 74.723 29.962
C 30.063 74.374 26.449
C 30.053 70.811 24.975
C 33.309 68.920 25.394
C 32.060 65.987 23.342
C 31.147 68.184 20.360
C 34.385 70.139 20.514
C 36.315 66.813 20.536
C 34.412 65.602 17.473
C 34.871 68.867 15.592
C 38.640 68.808 16.345
C 38.800 65.290 14.885
C 36.610 66.164 11.881
C 38.724 69.183 10.913
C 41.987 67.406 10.115
C 44.106 69.389 12.497
C 46.302 66.447 13.569
C 46.329 62.677 13.409
C 45.493 62.526 17.123
C 43.597 64.702 19.628
C 44.290 64.204 23.316
C 41.434 64.020 25.841
C 42.348 67.329 27.454
C 42.427 69.360 24.229
C 38.655 69.631 23.718
C 38.211 70.369 27.411
C 40.675 73.235 27.316
C 39.262 74.528 24.035
C 35.610 74.357 25.208
C 36.581 76.240 28.421
C 38.264 78.988 26.324
C 35.294 79.335 23.941
C 32.943 79.474 26.906
C 35.094 82.120 28.558
C 35.210 84.355 25.453
C 31.480 83.932 24.967
C 30.886 85.065 28.565
C 33.109 88.123 28.048
C 31.354 89.314 24.915
C 27.904 88.637 26.349
C 28.740 90.468 29.581
C 29.797 93.608 27.681
C 26.974 93.258 25.106
C 24.276 92.951 27.763
C 25.780 96.096 29.286
C 25.441 97.899 25.918
C 21.802 96.751 25.627
C 21.113 98.023 29.178
C 22.865 101.349 28.391
C 20.498 101.710 25.397
C 17.492 100.775 27.564
C 16.942 97.436 25.836
C 16.564 93.978 27.306
C 17.296 92.034 24.154
C 20.824 91.904 22.733
C 20.901 92.688 18.997
C 23.925 92.912 16.590
C 24.367 96.568 17.385
C 25.065 95.762 21.069
C 27.619 93.113 20.127
C 29.389 95.660 17.879
C 29.319 98.341 20.589
C 30.709 95.750 23.084
C 33.501 94.716 20.783
C 34.597 98.047 19.427
C 34.593 99.787 22.801
C 36.771 97.012 24.288
C 40.457 97.223 23.401
C 41.169 93.499 23.485
C 38.001 92.193 21.782
C 38.440 94.913 19.101
C 41.912 93.561 18.373
C 40.784 89.913 18.408
C 38.023 90.868 15.955
C 40.028 93.478 14.030
C 39.318 91.972 10.617
C 35.792 90.841 11.326
C 32.572 92.570 10.319
C 29.522 92.128 12.533
C 26.504 92.418 10.240
C 23.992 95.135 11.229
C 26.486 96.392 13.741
C 26.979 99.917 12.443
C 29.980 101.872 13.756
C 30.897 103.719 16.963
C 29.778 107.398 17.089
C 32.933 109.339 16.332
C 33.372 112.739 14.725
C 36.893 114.078 14.180
C 37.487 117.210 16.311
C 38.436 119.500 13.477
C 35.027 118.986 11.890
C 33.022 120.487 14.766
C 31.950 124.103 14.453
C 33.281 126.979 16.588
C 34.996 130.347 16.996
C 31.307 131.239 16.870
C 32.157 131.068 13.169
C 32.495 134.789 12.488
C 35.784 135.584 10.728
C 38.201 137.771 12.701
C 37.201 141.241 11.511
C 33.456 140.571 11.446
C 32.898 138.857 8.093
C 32.947 135.356 6.589
C 12.119 46.937 21.698
C 14.616 47.078 18.833
C 15.702 49.753 16.355
C 18.851 48.591 14.558
C 20.195 47.392 12.235
C 19.094 48.857 8.896
C 17.631 50.149 6.641
C 15.661 53.350 7.289
C 18.740 55.255 8.528
C 17.667 58.648 7.254
C 13.944 57.945 7.082
C 10.914 60.245 7.057
C 8.588 60.859 4.118
C 8.637 58.044 1.571
C 6.066 58.636 -1.175
C 3.168 59.156 1.242
C 1.634 56.598 3.632
C 0.923 58.487 6.859
C -1.069 57.579 9.973
C -1.651 60.741 12.007
C 0.087 64.102 12.441
C 1.651 65.669 9.352
C 5.383 66.127 9.920
C 9.056 65.393 9.220
C 9.442 65.928 5.459
C 12.242 63.538 4.456
C 14.497 64.362 7.397
C 16.597 67.495 7.003
C 20.262 66.882 7.771
C 20.895 68.466 11.156
C 22.689 71.803 11.269
C 24.265 72.096 14.698
C 25.074 75.380 16.452
C 26.370 76.732 19.725
C 23.118 78.567 20.371
C 21.886 76.565 23.388
C 25.273 76.955 25.059
C 25.577 80.627 24.197
C 22.081 80.987 25.708
C 23.154 79.145 28.895
C 26.095 81.487 29.355
C 24.021 84.575 28.653
C 21.642 83.615 31.509
C 24.606 83.241 33.871
C 25.874 86.685 33.176
C 22.676 88.611 32.460
C 19.738 86.601 33.876
C 17.008 88.885 32.526
C 18.556 89.702 29.153
C 17.528 88.014 25.953
C 19.245 87.853 22.530
C 17.762 88.193 19.020
C 18.251 85.435 16.459
C 20.506 87.723 14.358
C 22.709 88.407 17.393
C 22.693 84.677 18.093
C 23.831 84.053 14.469
C 26.667 86.544 15.121
C 27.615 84.634 18.353
C 27.600 81.322 16.493
C 29.998 82.772 13.866
C 32.205 84.138 16.638
C 32.492 80.804 18.417
C 33.148 78.928 15.152
C 35.735 81.524 14.020
C 37.705 81.378 17.300
C 37.453 77.582 17.343
C 38.967 77.472 13.824
C 41.648 80.066 14.632
C 42.784 78.307 17.799
C 42.612 74.826 16.222
C 44.533 75.995 13.136
C 47.248 77.584 15.283
C 47.434 74.363 17.408
C 47.665 72.264 14.214
C 50.611 74.366 12.939
C 52.257 74.208 16.355
C 52.010 70.410 16.392
C 53.393 70.125 12.831
C 56.237 72.569 13.515
C 57.243 70.298 16.390
C 56.720 67.072 14.471
C 53.984 65.909 16.843
C 50.921 64.078 15.625
C 48.821 64.816 18.705
C 47.133 68.082 19.604
C 47.047 68.167 23.390
C 45.791 70.800 25.795
C 49.347 72.077 25.690
C 49.078 72.976 21.970
C 45.682 74.556 22.673
C 47.210 76.617 25.484
C 50.081 77.875 23.356
C 47.708 78.592 20.415
C 45.611 80.631 22.874
C 48.646 82.646 23.973
C 49.571 83.314 20.345
C 46.063 84.253 19.270
C 44.548 86.206 22.138
C 45.521 89.663 23.271
C 46.980 90.157 26.759
C 44.326 89.961 29.465
C 42.030 87.782 27.413
C 44.717 85.167 26.880
C 45.539 85.308 30.601
C 41.988 84.635 31.746
C 41.404 82.114 28.918
C 44.540 80.133 29.914
C 43.381 80.166 33.575
C 39.891 78.838 32.701
C 41.296 76.244 30.290
C 43.802 74.990 32.861
C 41.225 74.918 35.607
C 38.897 72.908 33.402
C 41.503 70.291 32.434
C 42.661 69.904 36.025
C 39.021 69.355 37.150
C 38.307 66.989 34.294
C 41.322 64.850 35.202
C 40.436 64.919 38.916
C 37.435 62.703 38.242
C 37.187 58.886 38.127
C 21.763 182.961 27.355
C 19.422 185.326 25.504
C 17.498 186.310 28.646
C 14.159 185.758 26.897
C 11.954 182.646 26.915
C 11.870 179.747 24.451
C 13.185 176.539 26.059
C 14.858 175.616 22.766
C 18.589 175.312 23.511
C 20.097 171.982 24.574
C 17.532 169.336 25.607
C 17.364 167.479 22.302
C 17.059 170.888 20.683
C 20.276 172.589 19.538
C 21.269 169.935 17.013
C 21.301 166.131 16.874
C 23.046 163.613 19.127
C 19.916 161.572 19.831
C 17.682 159.619 17.413
C 19.773 156.466 17.802
C 20.020 152.765 16.996
C 19.530 150.561 13.960
C 16.463 151.126 11.784
C 15.141 147.759 10.587
C 15.588 143.971 10.525
C 13.316 142.563 13.236
C 10.662 140.311 11.708
C 10.363 142.036 8.335
C 9.323 145.687 8.598
C 9.867 146.307 4.852
C 11.325 149.815 4.990
C 14.730 148.450 4.115
C 17.424 147.508 6.595
C 17.980 143.770 6.885
C 17.232 141.763 3.725
C 14.696 138.898 3.966
C 14.147 135.907 6.291
C 13.555 132.225 5.242
C 15.342 129.923 7.748
C 18.587 128.196 6.718
C 21.031 126.113 8.732
C 24.626 127.010 7.936
C 26.717 124.880 5.522
C 28.023 121.986 7.570
C 25.384 122.008 10.296
C 23.104 119.494 8.564
C 26.106 117.446 7.403
C 27.126 117.091 11.092
C 23.534 116.249 11.964
C 23.600 113.457 9.333
C 26.942 112.049 10.650
C 25.366 111.748 14.119
C 22.248 110.213 12.696
C 23.963 107.599 10.586
C 26.599 106.700 13.154
C 23.807 105.868 15.613
C 21.950 103.604 13.203
C 22.793 100.325 11.509
C 20.446 100.056 8.542
C 21.979 99.507 5.102
C 22.464 102.782 3.228
C 22.408 101.677 -0.410
C 18.931 100.847 -1.795
C 18.369 97.076 -1.918
C 17.100 96.390 -5.423
C 19.640 98.680 -7.150
C 22.438 96.903 -5.209
C 20.983 93.544 -6.172
C 21.084 94.421 -9.897
C 24.714 95.505 -9.646
C 25.570 92.170 -8.002
C 23.684 90.259 -10.682
C 25.286 92.274 -13.501
C 28.805 91.727 -12.229
C 28.243 88.052 -11.516
C 26.658 87.579 -14.906
C 29.792 88.927 -16.532
C 31.784 86.210 -14.747
C 29.353 83.330 -15.311
C 25.994 83.246 -17.072
C 22.893 81.540 -15.671
C 23.572 82.065 -11.953
C 20.874 82.282 -9.313
C 21.451 83.833 -5.828
C 20.201 82.900 -2.407
C 18.710 86.167 -1.111
C 20.965 85.981 2.002
C 24.011 85.775 -0.429
C 23.054 89.164 -1.769
C 22.452 90.591 1.728
C 25.887 89.211 2.795
C 27.538 90.988 -0.137
C 25.691 94.205 0.702
C 26.610 94.070 4.416
C 30.274 93.451 3.523
C 30.315 96.092 0.796
C 28.868 98.777 2.989
C 31.150 97.995 5.926
C 34.092 98.114 3.494
C 33.047 101.505 2.096
C 32.277 103.051 5.449
C 35.694 102.001 6.841
C 37.390 103.300 3.690
C 35.614 106.657 4.062
C 36.928 106.808 7.635
C 40.541 106.342 6.326
C 39.901 108.770 3.437
C 38.644 111.410 5.911
C 41.878 111.005 7.943
C 43.770 111.656 4.707
C 41.772 114.830 3.863
C 42.338 116.060 7.418
C 46.024 115.263 7.182
C 46.196 117.665 4.219
C 44.386 120.380 6.223
C 41.082 119.884 4.447
C 37.628 118.847 5.627
C 36.580 117.855 2.079
C 37.420 114.355 0.871
C 38.718 114.115 -2.679
C 39.670 111.224 -5.030
C 43.356 111.570 -4.034
C 42.464 110.900 -0.395
C 40.699 107.667 -1.374
C 43.697 106.753 -3.555
C 46.207 107.406 -0.761
C 44.215 105.290 1.760
C 43.899 102.386 -0.700
C 47.595 102.577 -1.496
C 48.646 102.539 2.193
C 46.201 99.666 2.806
C 47.941 97.685 0.071
C 44.820 97.528 -2.092
C 46.587 99.495 -4.801
C 50.372 99.640 -4.420
C 5.323 72.575 -10.772
C 8.363 70.626 -11.930
C 7.912 70.839 -15.695
C 9.739 72.942 -18.272
C 13.183 72.158 -19.672
C 16.290 73.712 -18.155
C 19.698 72.607 -19.369
C 20.856 76.110 -20.258
C 19.141 77.299 -17.095
C 15.437 78.124 -17.257
C 12.766 78.777 -19.862
C 9.312 78.028 -21.240
C 8.086 78.711 -24.763
C 4.593 80.146 -24.702
C 6.093 83.494 -23.724
C 6.919 83.243 -20.027
C 10.635 83.596 -19.270
C 12.157 86.955 -18.326
C 15.660 88.415 -17.947
C 16.257 91.762 -19.612
C 19.793 92.916 -20.326
C 21.602 94.259 -17.285
C 23.749 97.308 -17.865
C 24.942 100.457 -16.085
C 23.695 99.286 -12.685
C 26.716 100.879 -10.962
C 24.714 104.119 -11.389
C 22.209 102.544 -9.003
C 24.799 103.357 -6.340
C 23.523 106.968 -6.081
C 25.051 110.221 -4.894
C 22.672 110.257 -1.855
C 23.623 106.684 -0.989
C 27.360 107.413 -1.181
C 26.849 110.589 0.843
C 25.097 108.462 3.517
C 27.961 105.924 3.595
C 30.475 108.794 3.860
C 28.411 110.293 6.759
C 28.463 106.996 8.696
C 32.219 107.109 7.916
C 32.292 110.538 9.639
C 32.796 112.642 6.510
C 31.432 116.159 6.589
C 32.248 117.529 3.116
C 32.614 115.700 -0.185
C 34.170 116.748 -3.486
C 32.088 116.272 -6.619
C 34.464 113.704 -8.097
C 34.093 111.396 -5.083
C 30.962 109.721 -6.382
C 32.399 108.214 -9.538
C 35.586 107.322 -7.664
C 33.525 105.455 -5.035
C 31.572 103.564 -7.694
C 34.881 102.480 -9.258
C 36.216 101.265 -5.879
C 32.994 99.413 -5.078
C 33.003 97.747 -8.481
C 36.499 96.413 -7.875
C 35.524 95.281 -4.386
C 32.431 93.475 -5.688
C 34.188 91.937 -8.701
C 36.789 90.433 -6.386
C 34.431 88.930 -3.826
C 31.928 87.731 -6.405
C 34.728 86.171 -8.514
C 35.793 83.996 -5.555
C 32.199 83.275 -4.456
C 31.292 82.032 -7.904
C 34.468 79.943 -8.016
C 33.256 78.223 -4.815
C 29.767 77.845 -6.384
C 31.127 76.252 -9.579
C 33.509 73.956 -7.709
C 30.518 72.620 -5.811
C 28.702 72.079 -9.124
C 25.915 74.422 -8.108
C 24.161 77.062 -10.201
C 23.089 79.098 -7.137
C 25.476 81.339 -5.192
C 24.947 80.679 -1.496
C 25.473 82.958 1.454
C 28.191 80.462 2.415
C 29.993 80.931 -0.930
C 30.088 84.692 -0.138
C 31.191 84.166 3.499
C 34.084 81.908 2.415
C 35.066 84.318 -0.325
C 35.036 87.181 2.158
C 37.079 85.208 4.635
C 39.753 84.324 2.122
C 40.134 87.972 1.273
C 40.549 88.848 4.929
C 37.047 90.423 5.231
C 35.489 87.891 7.654
C 31.767 88.400 8.014
C 29.661 87.192 10.929
C 25.905 86.768 10.759
C 25.462 84.678 7.636
C 26.499 81.214 8.619
C 29.801 79.436 9.015
C 55.406 35.422 -23.442
C 52.481 35.056 -21.060
C 52.905 35.388 -17.299
C 49.923 37.621 -16.581
C 49.139 40.971 -14.957
C 52.723 42.022 -15.756
C 53.445 41.746 -12.042
C 56.786 40.081 -12.673
C 59.938 41.217 -14.480
C 61.334 44.711 -13.890
C 59.757 44.480 -10.435
C 62.023 47.426 -9.621
C 61.002 51.087 -9.445
C 60.361 51.185 -13.182
C 59.523 54.832 -13.784
C 59.153 57.508 -11.123
C 55.785 59.229 -11.012
C 57.511 62.493 -11.888
C 58.944 60.918 -15.035
C 55.525 59.577 -16.014
C 54.065 63.061 -15.496
C 56.850 64.632 -17.523
C 57.958 66.593 -14.468
C 61.195 67.560 -12.798
C 59.497 68.197 -9.434
C 59.098 65.137 -7.101
C 55.562 63.845 -7.329
C 56.078 61.204 -4.633
C 57.463 63.717 -2.168
C 54.530 66.060 -2.925
C 52.164 63.131 -2.335
C 53.821 62.361 0.990
C 53.799 65.995 2.080
C 50.090 66.328 1.285
C 49.398 63.219 3.345
C 51.502 64.308 6.329
C 50.161 67.835 6.194
C 46.716 66.822 7.470
C 44.993 68.619 4.642
C 42.449 65.837 4.203
C 41.698 62.229 5.163
C 42.591 61.050 1.669
C 44.681 62.361 -1.229
C 43.840 61.308 -4.784
C 46.623 60.142 -7.104
C 46.355 63.026 -9.549
C 46.524 65.722 -6.822
C 50.285 65.523 -6.190
C 50.903 65.442 -9.947
C 48.798 68.543 -10.616
C 50.387 70.320 -7.649
C 53.955 69.310 -8.482
C 53.388 70.686 -11.980
C 52.143 74.005 -10.617
C 55.085 74.300 -8.226
C 57.529 73.540 -11.057
C 55.821 76.043 -13.384
C 55.964 78.838 -10.814
C 59.587 78.086 -10.061
C 60.368 78.276 -13.787
C 58.550 81.608 -14.125
C 60.532 83.229 -11.334
C 63.868 81.682 -12.323
C 63.339 82.843 -15.913
C 62.748 86.401 -14.714
C 65.519 86.402 -12.085
C 67.933 84.981 -14.648
C 66.978 87.826 -16.998
C 67.632 90.246 -14.136
C 71.047 88.733 -13.394
C 71.820 89.039 -17.092
C 70.751 92.725 -17.140
C 73.075 93.368 -14.221
C 76.036 91.720 -15.963
C 75.953 88.614 -13.767
C 75.673 84.894 -14.457
C 74.717 83.880 -10.911
C 71.239 84.638 -9.522
C 71.390 86.199 -6.022
C 68.480 87.388 -3.791
C 68.592 90.842 -5.419
C 67.730 89.307 -8.796
C 64.792 87.389 -7.343
C 63.519 90.585 -5.759
C 63.948 92.548 -8.994
C 62.143 89.784 -10.907
C 59.177 89.595 -8.541
C 58.702 93.270 -7.927
C 58.885 94.242 -11.609
C 56.310 91.571 -12.422
C 52.752 92.663 -11.664
C 51.415 89.152 -10.990
C 54.392 87.748 -9.054
C 54.444 90.929 -7.062
C 50.800 90.373 -6.096
C 51.264 86.685 -5.307
C 54.235 87.642 -3.075
C 52.612 90.871 -1.901
C 53.029 89.954 1.744
C 56.407 88.243 1.406
C 59.889 89.621 2.228
C 62.816 88.350 0.178
C 65.845 88.613 2.476
C 68.779 90.636 1.049
C 66.454 91.696 -1.730
C 66.558 95.464 -1.317
C 63.883 97.603 -3.048
C 63.231 98.845 -6.596
C 64.824 102.176 -7.526
C 61.990 104.699 -7.188
C 62.120 108.398 -6.301
C 58.866 110.343 -6.059
C 58.876 112.952 -8.856
C 58.198 115.891 -6.542
C 61.506 115.221 -4.815
C 63.618 115.643 -7.976
C 65.699 118.830 -8.461
C 64.079 122.155 -9.442
C 60.978 122.617 -7.260
C 58.971 119.689 -8.620
C 59.434 118.253 -12.100
C 59.945 114.529 -12.740
C 61.700 115.081 -16.070
C 64.143 112.307 -16.980
C 64.051 110.472 -20.309
C 66.560 107.680 -19.713
C 64.416 105.210 -17.772
C 61.381 107.489 -17.525
C 101.384 41.308 27.496
C 100.254 43.716 24.777
C 102.259 45.306 21.964
C 99.984 48.318 21.481
C 98.049 47.087 18.401
C 96.993 50.712 17.918
C 98.718 54.049 18.700
C 97.280 56.974 20.664
C 96.073 59.397 17.991
C 92.345 59.024 18.554
C 90.266 55.915 19.206
C 90.787 52.172 18.772
C 88.654 49.550 17.026
C 85.702 47.911 18.777
C 85.929 44.227 17.842
C 83.968 44.266 14.579
C 82.818 47.128 12.355
C 79.407 48.222 11.073
C 78.205 47.906 7.473
C 75.275 50.235 8.160
C 73.774 52.303 11.003
C 76.771 53.558 12.997
C 78.431 53.982 9.614
C 77.108 57.521 9.214
C 73.346 57.797 9.859
C 73.292 59.346 13.340
C 73.392 63.124 12.863
C 71.902 62.174 9.526
C 68.425 63.383 10.471
C 67.429 63.969 6.853
C 66.485 67.572 6.147
C 64.966 67.631 2.659
C 64.417 70.626 0.382
C 63.535 71.480 -3.199
C 67.048 72.687 -3.966
C 68.014 69.914 -6.419
C 64.721 70.207 -8.268
C 64.866 74.034 -8.402
C 68.388 73.569 -9.785
C 67.125 71.276 -12.555
C 64.500 73.809 -13.611
C 67.041 76.615 -13.677
C 69.039 74.555 -16.177
C 66.047 74.141 -18.461
C 65.332 77.891 -18.483
C 68.882 79.314 -18.165
C 71.513 76.626 -18.973
C 74.429 78.951 -18.258
C 73.142 80.589 -15.082
C 73.943 79.594 -11.543
C 72.257 80.472 -8.244
C 73.796 81.382 -4.927
C 73.020 79.429 -1.760
C 71.142 82.372 -0.228
C 69.096 82.641 -3.437
C 68.400 78.924 -3.436
C 67.122 79.184 0.156
C 64.746 81.965 -0.988
C 63.537 79.552 -3.692
C 63.098 76.710 -1.208
C 61.013 79.066 1.018
C 59.015 80.074 -2.075
C 58.089 76.572 -3.110
C 57.255 75.624 0.494
C 55.076 78.723 0.849
C 53.088 78.132 -2.327
C 52.694 74.455 -1.492
C 51.204 75.383 1.903
C 48.870 78.038 0.477
C 47.606 75.802 -2.300
C 47.260 72.764 -0.038
C 45.570 74.847 2.655
C 43.099 76.264 0.135
C 42.465 72.746 -1.244
C 41.887 71.514 2.282
C 39.251 74.168 3.072
C 37.559 73.582 -0.286
C 37.140 69.861 0.407
C 35.980 70.534 3.965
C 33.447 73.110 2.771
C 32.049 70.518 0.388
C 32.060 67.715 2.953
C 34.623 65.685 1.012
C 37.353 63.727 2.715
C 39.499 63.635 -0.429
C 41.770 66.257 -1.999
C 41.823 65.483 -5.706
C 43.327 67.340 -8.674
C 40.009 69.210 -8.965
C 40.547 70.845 -5.519
C 44.126 71.680 -6.443
C 42.872 73.297 -9.643
C 40.194 75.378 -7.935
C 42.660 76.324 -5.158
C 45.089 77.490 -7.852
C 42.387 79.626 -9.483
C 41.562 81.241 -6.116
C 45.187 81.831 -5.111
C 47.008 82.868 -8.240
C 46.605 86.173 -10.168
C 45.025 86.023 -13.630
C 47.643 84.945 -16.169
C 49.682 83.017 -13.641
C 46.580 80.939 -12.837
C 45.790 80.184 -16.499
C 49.283 78.822 -17.187
C 49.456 77.029 -13.840
C 46.149 75.354 -14.673
C 47.391 74.500 -18.192
C 50.563 72.946 -16.764
C 48.698 71.012 -14.086
C 46.174 69.631 -16.540
C 48.998 68.620 -18.885
C 50.936 66.714 -16.234
C 47.836 64.815 -15.108
C 46.956 63.899 -18.707
C 50.480 62.738 -19.533
C 50.706 60.873 -16.213
C 47.362 59.236 -16.981
C 48.161 58.152 -20.541
C 51.333 56.771 -18.961
C 52.226 53.084 -18.567
