301
Director field of a model cholesteric film (E44 + 3.00 wt% R5011 (model concentration)); site x y z (nm) nx ny nz (unit director)
site -0.000000 0.000000 0.000000 0.85327618 -0.13586155 0.50344950
site -1.547790 3.224827 3.493542 0.89134369 -0.05910137 0.44945907
site -3.095579 6.449655 6.987084 0.92026938 0.01826497 0.39085888
site -4.643369 9.674482 10.480626 0.93975657 0.09544398 0.32824996
site -6.191158 12.899310 13.974168 0.94960541 0.17164409 0.26227443
site -7.738948 16.124137 17.467710 0.94971488 0.24608378 0.19360895
site -9.286737 19.348964 20.961252 0.94008385 0.31799958 0.12295778
site -10.834527 22.573792 24.454794 0.92081112 0.38665391 0.05104552
site -12.382316 25.798619 27.948336 0.89209433 0.45134262 -0.02139027
site -13.930106 29.023447 31.441878 0.85422802 0.51140227 -0.09360668
site -15.477895 32.248274 34.935420 0.80760056 0.56621685 -0.16486304
site -17.025685 35.473102 38.428962 0.75269015 0.61522419 -0.23442852
site -18.573474 38.697929 41.922504 0.69005999 0.65792164 -0.30158965
site -20.121264 41.922756 45.416046 0.62035242 0.69387130 -0.36565761
site -21.669053 45.147584 48.909588 0.54428237 0.72270446 -0.42597531
site -23.216843 48.372411 52.403130 0.46263003 0.74412540 -0.48192410
site -24.764632 51.597239 55.896672 0.37623286 0.75791442 -0.53293017
site -26.312422 54.822066 59.390214 0.28597696 0.76393010 -0.57847038
site -27.860211 58.046893 62.883756 0.19278801 0.76211073 -0.61807768
site -29.408001 61.271721 66.377298 0.09762179 0.75247499 -0.65134582
site -30.955790 64.496548 69.870840 0.00145433 0.73512169 -0.67793362
site -32.503580 67.721376 73.364382 -0.09472804 0.71022881 -0.69756837
site -34.051369 70.946203 76.857924 -0.18993886 0.67805167 -0.71004871
site -35.599159 74.171031 80.351466 -0.28320163 0.63892027 -0.71524662
site -37.146948 77.395858 83.845008 -0.37355981 0.59323596 -0.71310880
site -38.694738 80.620685 87.338550 -0.46008668 0.54146729 -0.70365718
site -40.242527 83.845513 90.832092 -0.54189479 0.48414521 -0.68698868
site -41.790317 87.070340 94.325634 -0.61814511 0.42185762 -0.66327428
site -43.338106 90.295168 97.819176 -0.68805559 0.35524337 -0.63275718
site -44.885896 93.519995 101.312718 -0.75090922 0.28498566 -0.59575038
site -46.433685 96.744822 104.806260 -0.80606135 0.21180507 -0.55263343
site -47.981475 99.969650 108.299802 -0.85294634 0.13645216 -0.50384855
site -49.529264 103.194477 111.793344 -0.89108331 0.05969977 -0.44989608
site -51.077054 106.419305 115.286886 -0.92008112 -0.01766492 -0.39132937
site -52.624843 109.644132 118.780428 -0.93964238 -0.09484844 -0.32874910
site -54.172633 112.868960 122.273970 -0.94956645 -0.17105916 -0.26279710
site -55.720423 116.093787 125.767512 -0.94975155 -0.24551547 -0.19414980
site -57.268212 119.318614 129.261054 -0.94019578 -0.31745371 -0.12351126
site -58.816002 122.543442 132.754596 -0.92099716 -0.38613607 -0.05160595
site -60.363791 125.768269 136.248138 -0.89235257 -0.45085814 0.02082864
site -61.911581 128.993097 139.741680 -0.85455581 -0.51095610 0.09304960
site -63.459370 132.217924 143.235222 -0.80799454 -0.56581358 0.16431623
site -65.007160 135.442751 146.728764 -0.75314629 -0.61486794 0.23389759
site -66.554949 138.667579 150.222306 -0.69057360 -0.65761608 0.30108005
site -68.102739 141.892406 153.715848 -0.62091822 -0.69361956 0.36517456
site -69.650528 145.117234 157.209390 -0.54489457 -0.72250912 0.42552376
site -71.198318 148.342061 160.702932 -0.46328236 -0.74398847 0.48150869
site -72.746107 151.566889 164.196474 -0.37691862 -0.75783729 0.53255515
site -74.293897 154.791716 167.690016 -0.28668912 -0.76391357 0.57813961
site -75.841686 158.016543 171.183558 -0.19351926 -0.76215497 0.61779454
site -77.389476 161.241371 174.677100 -0.09836463 -0.75257954 0.65111322
site -78.937265 164.466198 178.170642 -0.00220115 -0.73528549 0.67775394
site -80.485055 167.691026 181.664184 0.09398491 -0.71045017 0.69744347
site -82.032844 170.915853 185.157726 0.18920703 -0.67832832 0.70997985
site -83.580634 174.140680 188.651268 0.28248861 -0.63924938 0.71523452
site -85.128423 177.365508 192.144810 0.37287292 -0.59361415 0.71315358
site -86.676213 180.590335 195.638352 0.45943296 -0.54189068 0.70375837
site -88.224002 183.815163 199.131894 0.54128095 -0.48460946 0.68714526
site -89.771792 187.039990 202.625436 0.61757744 -0.42235797 0.66348463
site -91.319581 190.264818 206.118978 0.68753991 -0.35577468 0.63301915
site -92.867371 193.489645 209.612520 0.75045082 -0.28554248 0.59606129
site -94.415160 196.714472 213.106062 0.80566493 -0.21238170 0.55299008
site -95.962950 199.939300 216.599604 0.85261597 -0.13704268 0.50424728
site -97.510739 203.164127 220.093146 0.89082237 -0.06029812 0.45033280
site -99.058529 206.388955 223.586688 0.91989230 0.01706487 0.39179961
site -100.606318 209.613782 227.080230 0.93952761 0.09425284 0.32924804
site -102.154108 212.838609 230.573772 0.94952691 0.17047413 0.26331962
site -103.701897 216.063437 234.067314 0.94978764 0.24494700 0.19469053
site -105.249687 219.288264 237.560856 0.94030714 0.31690763 0.12406466
site -106.797477 222.513092 241.054398 0.92118263 0.38561800 0.05216635
site -108.345266 225.737919 244.547940 0.89261026 0.45037337 -0.02026699
site -109.893056 228.962747 248.041482 0.85488308 0.51050961 -0.09249247
site -111.440845 232.187574 251.535024 0.80838802 0.56540995 -0.16376932
site -112.988635 235.412401 255.028566 0.75360195 0.61451132 -0.23336652
site -114.536424 238.637229 258.522108 0.69108677 0.65731012 -0.30057026
site -116.084214 241.862056 262.015651 0.62148365 0.69336740 -0.36469128
site -117.632003 245.086884 265.509193 0.54550644 0.72231334 -0.42507195
site -119.179793 248.311711 269.002735 0.46393440 0.74385107 -0.48109298
site -120.727582 251.536538 272.496277 0.37760415 0.75775970 -0.53217981
site -122.275372 254.761366 275.989819 0.28740109 0.76389657 -0.57780848
site -123.823161 257.986193 279.483361 0.19425039 0.76219874 -0.61751102
site -125.370951 261.211021 282.976903 0.09910741 0.75268363 -0.65088022
site -126.918740 264.435848 286.470445 0.00294797 0.73544883 -0.67757385
site -128.466530 267.660676 289.963987 -0.09324172 0.71067110 -0.69731813
site -130.014319 270.885503 293.457529 -0.18847509 0.67860456 -0.70991056
site -131.562109 274.110330 296.951071 -0.28177542 0.63957809 -0.71522198
site -133.109898 277.335158 300.444613 -0.37218580 0.59399197 -0.71319792
site -134.657688 280.559985 303.938155 -0.45877895 0.54231374 -0.70385914
site -136.205477 283.784813 307.431697 -0.54066677 0.48507341 -0.68730142
site -137.753267 287.009640 310.925239 -0.61700938 0.42285805 -0.66369458
site -139.301056 290.234467 314.418781 -0.68702380 0.35630577 -0.63328074
site -140.848846 293.459295 317.912323 -0.74999195 0.28609914 -0.59637182
site -142.396635 296.684122 321.405865 -0.80526802 0.21295820 -0.55334639
site -143.944425 299.908950 324.899407 -0.85228507 0.13763312 -0.50464570
site -145.492214 303.133777 328.392949 -0.89056089 0.06089644 -0.45076926
site -147.040004 306.358605 331.886491 -0.91970292 -0.01646480 -0.39226962
site -148.587793 309.583432 335.380033 -0.93941226 -0.09365718 -0.32974677
site -150.135583 312.808259 338.873575 -0.94948678 -0.16988899 -0.26384197
site -151.683372 316.033087 342.367117 -0.94982315 -0.24437838 -0.19523115
site -153.231162 319.257914 345.860659 -0.94041791 -0.31636137 -0.12461799
site -154.778951 322.482742 349.354201 -0.92136753 -0.38509968 -0.05272672
site -156.326741 325.707569 352.847743 -0.89286740 -0.44988833 0.01970533
site -157.874530 328.932396 356.341285 -0.85520982 -0.51006281 0.09193528
site -159.422320 332.157224 359.834827 -0.80878101 -0.56500598 0.16322231
site -160.970110 335.382051 363.328369 -0.75405716 -0.61415432 0.23283531
site -162.517899 338.606879 366.821911 -0.69159952 -0.65700375 0.30006029
site -164.065689 341.831706 370.315453 -0.62204869 -0.69311480 0.36420778
site -165.613478 345.056534 373.808995 -0.54611798 -0.72211711 0.42461987
site -167.161268 348.281361 377.302537 -0.46458616 -0.74371322 0.48067697
site -168.709057 351.506188 380.796079 -0.37828944 -0.75768164 0.53180414
site -170.256847 354.731016 384.289621 -0.28811290 -0.76387910 0.57747700
site -171.804636 357.955843 387.783163 -0.19498140 -0.76224204 0.61722712
site -173.352426 361.180671 391.276705 -0.09985014 -0.75278726 0.65064682
site -174.900215 364.405498 394.770247 -0.00369478 -0.73561172 0.67739334
site -176.448005 367.630325 398.263789 0.09249847 -0.71089158 0.69719237
site -177.995794 370.855153 401.757331 0.18774303 -0.67888037 0.70984082
site -179.543584 374.079980 405.250873 0.28106206 -0.63990641 0.71520899
site -181.091373 377.304808 408.744415 0.37149845 -0.59436943 0.71324181
site -182.639163 380.529635 412.237957 0.45812467 -0.54273646 0.70395946
site -184.186952 383.754463 415.731499 0.54005225 -0.48553706 0.68745715
site -185.734742 386.979290 419.225041 0.61644094 -0.42335788 0.66390411
site -187.282531 390.204117 422.718583 0.68650727 -0.35683664 0.63354193
site -188.830321 393.428945 426.212125 0.74953263 -0.28665561 0.59668199
site -190.378110 396.653772 429.705667 0.80487061 -0.21353457 0.55370235
site -191.925900 399.878600 433.199209 0.85195365 -0.13822348 0.50504381
site -193.473689 403.103427 436.692751 0.89029886 -0.06149473 0.45120543
site -195.021479 406.328254 440.186293 0.91951296 0.01586473 0.39273938
site -196.569268 409.553082 443.679835 0.93929633 0.09306146 0.33024531
site -198.117058 412.777909 447.173377 0.94944607 0.16930375 0.26436416
site -199.664847 416.002737 450.666919 0.94985806 0.24380961 0.19577164
site -201.212637 419.227564 454.160461 0.94052810 0.31581490 0.12517124
site -202.760426 422.452392 457.654003 0.92155187 0.38458113 0.05328705
site -204.308216 425.677219 461.147545 0.89312399 0.44940300 -0.01914366
site -205.856005 428.902046 464.641087 0.85553603 0.50961570 -0.09137803
site -207.403795 432.126874 468.134629 0.80917349 0.56460166 -0.16267520
site -208.951584 435.351701 471.628171 0.75451189 0.61379694 -0.23230395
site -210.499374 438.576529 475.121713 0.69211185 0.65669697 -0.29955013
site -212.047164 441.801356 478.615255 0.62261334 0.69286178 -0.36372405
site -213.594953 445.026183 482.108797 0.54672918 0.72192043 -0.42416754
site -215.142743 448.251011 485.602339 0.46523763 0.74357491 -0.48026067
site -216.690532 451.475838 489.095881 0.37897450 0.75760311 -0.53142813
site -218.238322 454.700666 492.589423 0.28882452 0.76386116 -0.57714515
site -219.786111 457.925493 496.082965 0.19571229 0.76228487 -0.61694284
site -221.333901 461.150321 499.576507 0.10059280 0.75289042 -0.65041302
site -222.881690 464.375148 503.070049 0.00444159 0.73577416 -0.67721242
site -224.429480 467.599975 506.563591 -0.09175516 0.71111163 -0.69706617
site -225.977269 470.824803 510.057133 -0.18701085 0.67915577 -0.70977065
site -227.525059 474.049630 513.550675 -0.28034852 0.64023434 -0.71519557
site -229.072848 477.274458 517.044217 -0.37081087 0.59474652 -0.71328527
site -230.620638 480.499285 520.537759 -0.45747010 0.54315884 -0.70405936
site -232.168427 483.724112 524.031301 -0.53943741 0.48600041 -0.68761246
site -233.716217 486.948940 527.524843 -0.61587212 0.42385744 -0.66411324
site -235.264006 490.173767 531.018385 -0.68599032 0.35736729 -0.63380273
site -236.811796 493.398595 534.511927 -0.74907284 0.28721191 -0.59699180
site -238.359585 496.623422 538.005469 -0.80447270 0.21411081 -0.55405798
site -239.907375 499.848250 541.499011 -0.85162170 0.13881374 -0.50544161
site -241.455164 503.073077 544.992553 -0.89003628 0.06209297 -0.45164132
site -243.002954 506.297904 548.486095 -0.91932244 -0.01526464 -0.39320890
site -244.550743 509.522732 551.979637 -0.93917982 -0.09246569 -0.33074364
site -246.098533 512.747559 555.473179 -0.94940477 -0.16871840 -0.26488619
site -247.646322 515.972387 558.966721 -0.94989240 -0.24324069 -0.19631201
site -249.194112 519.197214 562.460263 -0.94063771 -0.31526825 -0.12572441
site -250.741901 522.422041 565.953805 -0.92173564 -0.38406234 -0.05384735
site -252.289691 525.646869 569.447347 -0.89338003 -0.44891741 0.01858198
site -253.837480 528.871696 572.940889 -0.85586171 -0.50916827 0.09082072
site -255.385270 532.096524 576.434431 -0.80956548 -0.56419699 0.16212799
site -256.933059 535.321351 579.927973 -0.75496616 -0.61343918 0.23177244
site -258.480849 538.546179 583.421515 -0.69262374 -0.65638979 0.29903978
site -260.028638 541.771006 586.915057 -0.62317761 -0.69260833 0.36324010
site -261.576428 544.995833 590.408599 -0.54734003 -0.72172331 0.42371494
site -263.124217 548.220661 593.902141 -0.46588881 -0.74343613 0.47984407
site -264.672007 551.445488 597.395683 -0.37965933 -0.75752411 0.53105181
site -266.219797 554.670316 600.889225 -0.28953597 -0.76384274 0.57681296
site -267.767586 557.895143 604.382767 -0.19644306 -0.76232723 0.61665818
site -269.315376 561.119970 607.876309 -0.10133539 -0.75299312 0.65017882
site -270.863165 564.344798 611.369851 -0.00518840 -0.73593614 0.67703107
site -272.410955 567.569625 614.863393 0.09101180 -0.71133123 0.69693954
site -273.958744 570.794453 618.356935 0.18627856 -0.67943075 0.70970004
site -275.506534 574.019280 621.850477 0.27963481 -0.64056187 0.71518170
site -277.054323 577.244108 625.344019 0.37012306 -0.59512324 0.71332829
site -278.602113 580.468935 628.837561 0.45681524 -0.54358089 0.70415882
site -280.149902 583.693762 632.331103 0.53882223 -0.48646346 0.68776734
site -281.697692 586.918590 635.824645 0.61530293 -0.42435674 0.66432196
site -283.245481 590.143417 639.318187 0.68547294 -0.35789772 0.63406314
site -284.793271 593.368245 642.811729 0.74861259 -0.28776803 0.59730123
site -286.341060 596.593072 646.305271 0.80407429 -0.21468692 0.55441326
site -287.888850 599.817899 649.798813 0.85128923 -0.13940393 0.50583910
site -289.436639 603.042727 653.292355 0.88977315 -0.06269118 0.45207694
site -290.984429 606.267554 656.785897 0.91913135 0.01466454 0.39367818
site -292.532218 609.492382 660.279439 0.93906274 0.09186986 0.33124176
site -294.080008 612.717209 663.772981 0.94936288 0.16813294 0.26540805
site -295.627797 615.942037 667.266523 0.94992614 0.24267162 0.19685226
site -297.175587 619.166864 670.760065 0.94074674 0.31472139 0.12627751
site -298.723376 622.391691 674.253607 0.92191883 0.38354331 0.05440762
site -300.271166 625.616519 677.747149 0.89363551 0.44843153 -0.01802028
site -301.818955 628.841346 681.240691 0.85618687 0.50872053 -0.09026336
site -303.366745 632.066174 684.734233 0.80995697 0.56379197 -0.16158068
site -304.914534 635.291001 688.227775 0.75541997 0.61308104 -0.23124080
site -306.462324 638.515828 691.721317 0.69313521 0.65608221 -0.29852925
site -308.010113 641.740656 695.214859 0.62374150 0.69235445 -0.36275592
site -309.557903 644.965483 698.708401 0.54795056 0.72152574 -0.42326208
site -311.105692 648.190311 702.201943 0.46653971 0.74329690 -0.47942717
site -312.653482 651.415138 705.695485 0.38034392 0.75744464 -0.53067515
site -314.201271 654.639966 709.189027 0.29024723 0.76382386 -0.57648040
site -315.749061 657.864793 712.682569 0.19717371 0.76236912 -0.61637314
site -317.296851 661.089620 716.176111 0.10207793 0.75309536 -0.64994421
site -318.844640 664.314448 719.669653 0.00593521 0.73609767 -0.67684931
site -320.392430 667.539275 723.163195 -0.09026838 0.71155040 -0.69681249
site -321.940219 670.764103 726.656737 -0.18554615 0.67970531 -0.70962900
site -323.488009 673.988930 730.150279 -0.27892093 0.64088901 -0.71516739
site -325.035798 677.213757 733.643821 -0.36943502 0.59549960 -0.71337087
site -326.583588 680.438585 737.137363 -0.45616011 0.54400261 -0.70425785
site -328.131377 683.663412 740.630905 -0.53820672 0.48692621 -0.68792180
site -329.679167 686.888240 744.124447 -0.61473335 0.42485578 -0.66453027
site -331.226956 690.113067 747.617989 -0.68495514 0.35842793 -0.63432316
site -332.774746 693.337895 751.111531 -0.74815187 0.28832397 -0.59761029
site -334.322535 696.562722 754.605073 -0.80367539 0.21526289 -0.55476820
site -335.870325 699.787549 758.098615 -0.85095623 0.13999402 -0.50623628
site -337.418114 703.012377 761.592157 -0.88950947 0.06328935 -0.45251228
site -338.965904 706.237204 765.085699 -0.91893970 -0.01406444 -0.39414721
site -340.513693 709.462032 768.579241 -0.93894507 -0.09127398 -0.33173968
site -342.061483 712.686859 772.072783 -0.94932041 -0.16754739 -0.26592975
site -343.609272 715.911686 775.566325 -0.94995930 -0.24210240 -0.19739239
site -345.157062 719.136514 779.059868 -0.94085520 -0.31417435 -0.12683052
site -346.704851 722.361341 782.553410 -0.92210146 -0.38302405 -0.05496786
site -348.252641 725.586169 786.046952 -0.89389045 -0.44794538 0.01745858
site -349.800430 728.810996 789.540494 -0.85651149 -0.50827247 0.08970595
site -351.348220 732.035824 793.034036 -0.81034796 -0.56338661 0.16103327
site -352.896009 735.260651 796.527578 -0.75587331 -0.61272252 0.23070901
site -354.443799 738.485478 800.021120 -0.69364625 -0.65577422 0.29801854
site -355.991588 741.710306 803.514662 -0.62430500 -0.69210014 0.36227152
site -357.539378 744.935133 807.008204 -0.54856074 -0.72132773 0.42280896
site -359.087167 748.159961 810.501746 -0.46719031 -0.74315722 0.47900998
site -360.634957 751.384788 813.995288 -0.38102827 -0.75736471 0.53029817
site -362.182746 754.609615 817.488830 -0.29095832 -0.76380450 0.57614749
site -363.730536 757.834443 820.982372 -0.19790424 -0.76241054 0.61608772
site -365.278325 761.059270 824.475914 -0.10282040 -0.75319713 0.64970921
site -366.826115 764.284098 827.969456 -0.00668202 -0.73625875 0.67666713
site -368.373904 767.508925 831.462998 0.08952490 -0.71176913 0.69668500
site -369.921694 770.733753 834.956540 0.18481363 -0.67997945 0.70955751
site -371.469484 773.958580 838.450082 0.27820687 -0.64121575 0.71515264
site -373.017273 777.183407 841.943624 0.36874676 -0.59587559 0.71341300
site -374.565063 780.408235 845.437166 0.45550470 -0.54442399 0.70435644
site -376.112852 783.633062 848.930708 0.53759087 -0.48738866 0.68807583
site -377.660642 786.857890 852.424250 0.61416339 -0.42535456 0.66473816
site -379.208431 790.082717 855.917792 0.68443692 -0.35895792 0.63458279
site -380.756221 793.307544 859.411334 0.74769070 -0.28887973 0.59791899
site -382.304010 796.532372 862.904876 0.80327599 -0.21583873 0.55512280
site -383.851800 799.757199 866.398418 0.85062271 -0.14058403 0.50663314
site -385.399589 802.982027 869.891960 0.88924524 -0.06388748 0.45294734
site -386.947379 806.206854 873.385502 0.91874748 0.01346433 0.39461600
site -388.495168 809.431682 876.879044 0.93882682 0.09067804 0.33223740
site -390.042958 812.656509 880.372586 0.94927735 0.16696173 0.26645129
site -391.590747 815.881336 883.866128 0.94999188 0.24153303 0.19793240
site -393.138537 819.106164 887.359670 0.94096307 0.31362711 0.12738346
site -394.686326 822.330991 890.853212 0.92228353 0.38250455 0.05552806
site -396.234116 825.555819 894.346754 0.89414483 0.44745895 -0.01689686
site -397.781905 828.780646 897.840296 0.85683559 0.50782410 -0.08914848
site -399.329695 832.005473 901.333838 0.81073845 0.56298090 -0.16048577
site -400.877484 835.230301 904.827380 0.75632618 0.61236363 -0.23017708
site -402.425274 838.455128 908.320922 0.69415687 0.65546582 -0.29750764
site -403.973063 841.679956 911.814464 0.62486812 0.69184541 -0.36178690
site -405.520853 844.904783 915.308006 0.54917059 0.72112927 -0.42235558
site -407.068642 848.129611 918.801548 0.46784063 0.74301707 -0.47859250
site -408.616432 851.354438 922.295090 0.38171240 0.75728431 -0.52992086
site -410.164221 854.579265 925.788632 0.29166923 0.76378468 -0.57581423
site -411.712011 857.804093 929.282174 0.19863464 0.76245149 -0.61580192
site -413.259800 861.028920 932.775716 0.10356281 0.75329843 -0.64947380
site -414.807590 864.253748 936.269258 0.00742881 0.73641937 -0.67648453
site -416.355379 867.478575 939.762800 -0.08878137 0.71198742 -0.69655709
site -417.903169 870.703402 943.256342 -0.18408100 0.68025317 -0.70948559
site -419.450958 873.928230 946.749884 -0.27749265 0.64154209 -0.71513745
site -420.998748 877.153057 950.243426 -0.36805827 0.59625121 -0.71345470
site -422.546537 880.377885 953.736968 -0.45484900 0.54484503 -0.70445459
site -424.094327 883.602712 957.230510 -0.53697470 0.48785081 -0.68822944
site -425.642117 886.827540 960.724052 -0.61359306 0.42585307 -0.66494565
site -427.189906 890.052367 964.217594 -0.68391827 0.35948769 -0.63484203
site -428.737696 893.277194 967.711136 -0.74722906 0.28943532 -0.59822732
site -430.285485 896.502022 971.204678 -0.80287610 0.21641444 -0.55547705
site -431.833275 899.726849 974.698220 -0.85028866 0.14117396 -0.50702969
site -433.381064 902.951677 978.191762 -0.88898047 0.06448557 -0.45338212
site -434.928854 906.176504 981.685304 -0.91855469 -0.01286420 -0.39508455
site -436.476643 909.401331 985.178846 -0.93870800 -0.09008204 -0.33273491
site -438.024433 912.626159 988.672388 -0.94923371 -0.16637597 -0.26697266
site -439.572222 915.850986 992.165930 -0.95002386 -0.24096351 -0.19847228
site -441.120012 919.075814 995.659472 -0.94107036 -0.31307967 -0.12793632
site -442.667801 922.300641 999.153014 -0.92246502 -0.38198482 -0.05608822
site -444.215591 925.525469 1002.646556 -0.89439867 -0.44697224 0.01633513
site -445.763380 928.750296 1006.140098 -0.85715916 -0.50737542 0.08859095
site -447.311170 931.975123 1009.633640 -0.81112844 -0.56257484 0.15993816
site -448.858959 935.199951 1013.127182 -0.75677859 -0.61200436 0.22964500
site -450.406749 938.424778 1016.620724 -0.69466705 -0.65515702 0.29699656
site -451.954538 941.649606 1020.114266 -0.62543085 -0.69159025 0.36130205
site -453.502328 944.874433 1023.607808 -0.54978009 -0.72093037 0.42190194
site -455.050117 948.099260 1027.101350 -0.46849066 -0.74287646 0.47817472
site -456.597907 951.324088 1030.594892 -0.38239628 -0.75720345 0.52954322
site -458.145696 954.548915 1034.088434 -0.29237996 -0.76376438 0.57548061
site -459.693486 957.773743 1037.581976 -0.19936492 -0.76249197 0.61551573
site -461.241275 960.998570 1041.075518 -0.10430516 -0.75339927 0.64923799
site -462.789065 964.223398 1044.569060 -0.00817561 -0.73657954 0.67630152
site -464.336854 967.448225 1048.062602 0.08803779 -0.71220528 0.69642874
