301
Director field of a model cholesteric film (E44 + 2.40 wt% R5011 (model concentration)); site x y z (nm) nx ny nz (unit director)
site 0.000000 -0.000000 0.000000 -0.68547448 -0.71376646 -0.14374344
site 3.562843 -3.491037 0.344692 -0.67111434 -0.70695623 -0.22320043
site 7.125686 -6.982074 0.689384 -0.65234765 -0.69550412 -0.30119190
site 10.688528 -10.473111 1.034076 -0.62929764 -0.67948533 -0.37720573
site 14.251371 -13.964148 1.378768 -0.60211566 -0.65900503 -0.45074283
site 17.814214 -17.455184 1.723460 -0.57098018 -0.63419770 -0.52132035
site 21.377057 -20.946221 2.068152 -0.53609565 -0.60522622 -0.58847487
site 24.939900 -24.437258 2.412843 -0.49769110 -0.57228082 -0.65176547
site 28.502743 -27.928295 2.757535 -0.45601871 -0.53557783 -0.71077656
site 32.065585 -31.419332 3.102227 -0.41135210 -0.49535822 -0.76512070
site 35.628428 -34.910369 3.446919 -0.36398455 -0.45188609 -0.81444104
site 39.191271 -38.401406 3.791611 -0.31422707 -0.40544687 -0.85841376
site 42.754114 -41.892443 4.136303 -0.26240638 -0.35634548 -0.89675013
site 46.316957 -45.383479 4.480995 -0.20886272 -0.30490433 -0.92919843
site 49.879800 -48.874516 4.825687 -0.15394767 -0.25146117 -0.95554560
site 53.442642 -52.365553 5.170379 -0.09802180 -0.19636691 -0.97561866
site 57.005485 -55.856590 5.515071 -0.04145232 -0.13998331 -0.98928579
site 60.568328 -59.347627 5.859763 0.01538935 -0.08268058 -0.99645727
site 64.131171 -62.838664 6.204455 0.07212996 -0.02483497 -0.99708600
site 67.694014 -66.329701 6.549146 0.12839697 0.03317371 -0.99116786
site 71.256857 -69.820738 6.893838 0.18382092 0.09096458 -0.97874170
site 74.819699 -73.311774 7.238530 0.23803790 0.14815816 -0.95988912
site 78.382542 -76.802811 7.583222 0.29069193 0.20437894 -0.93473389
site 81.945385 -80.293848 7.927914 0.34143727 0.25925777 -0.90344120
site 85.508228 -83.784885 8.272606 0.38994073 0.31243431 -0.86621651
site 89.071071 -87.275922 8.617298 0.43588383 0.36355940 -0.82330423
site 92.633913 -90.766959 8.961990 0.47896492 0.41229736 -0.77498613
site 96.196756 -94.257996 9.306682 0.51890112 0.45832817 -0.72157946
site 99.759599 -97.749033 9.651374 0.55543022 0.50134959 -0.66343490
site 103.322442 -101.240069 9.996066 0.58831235 0.54107915 -0.60093422
site 106.885285 -104.731106 10.340758 0.61733162 0.57725598 -0.53448780
site 110.448128 -108.222143 10.685450 0.64229749 0.60964254 -0.46453193
site 114.010970 -111.713180 11.030141 0.66304602 0.63802618 -0.39152594
site 117.573813 -115.204217 11.374833 0.67944099 0.66222054 -0.31594919
site 121.136656 -118.695254 11.719525 0.69137475 0.68206676 -0.23829791
site 124.699499 -122.186291 12.064217 0.69876893 0.69743452 -0.15908197
site 128.262342 -125.677328 12.408909 0.70157500 0.70822291 -0.07882149
site 131.825185 -129.168364 12.753601 0.69977451 0.71436112 0.00195653
site 135.388027 -132.659401 13.098293 0.69337930 0.71580882 0.08272170
site 138.950870 -136.150438 13.442985 0.68243136 0.71255651 0.16294372
site 142.513713 -139.641475 13.787677 0.66700257 0.70462555 0.24209585
site 146.076556 -143.132512 14.132369 0.64719423 0.69206802 0.31965838
site 149.639399 -146.623549 14.477061 0.62313641 0.67496636 0.39512203
site 153.202241 -150.114586 14.821753 0.59498707 0.65343287 0.46799131
site 156.765084 -153.605623 15.166444 0.56293105 0.62760893 0.53778775
site 160.327927 -157.096660 15.511136 0.52717881 0.59766411 0.60405307
site 163.890770 -160.587696 15.855828 0.48796512 0.56379502 0.66635217
site 167.453613 -164.078733 16.200520 0.44554744 0.52622405 0.72427600
site 171.016456 -167.569770 16.545212 0.40020429 0.48519789 0.77744423
site 174.579298 -171.060807 16.889904 0.35223340 0.44098591 0.82550776
site 178.142141 -174.551844 17.234596 0.30194974 0.39387842 0.86815099
site 181.704984 -178.042881 17.579288 0.24968348 0.34418472 0.90509394
site 185.267827 -181.533918 17.923980 0.19577779 0.29223110 0.93609403
site 188.830670 -185.024955 18.268672 0.14058662 0.23835869 0.96094773
site 192.393513 -188.515991 18.613364 0.08447237 0.18292121 0.97949183
site 195.956355 -192.007028 18.958056 0.02780346 0.12628267 0.99160459
site 199.519198 -195.498065 19.302748 -0.02904800 0.06881496 0.99720646
site 203.082041 -198.989102 19.647439 -0.08570873 0.01089541 0.99626066
site 206.644884 -202.480139 19.992131 -0.14180670 -0.04709569 0.98877341
site 210.207727 -205.971176 20.336823 -0.19697356 -0.10477755 0.97479387
site 213.770570 -209.462213 20.681515 -0.25084710 -0.16177144 0.95441382
site 217.333412 -212.953250 21.026207 -0.30307357 -0.21770314 0.92776708
site 220.896255 -216.444286 21.370899 -0.35331006 -0.27220539 0.89502862
site 224.459098 -219.935323 21.715591 -0.40122671 -0.32492035 0.85641339
site 228.021941 -223.426360 22.060283 -0.44650890 -0.37550187 0.81217495
site 231.584784 -226.917397 22.404975 -0.48885931 -0.42361785 0.76260376
site 235.147626 -230.408434 22.749667 -0.52799987 -0.46895235 0.70802530
site 238.710469 -233.899471 23.094359 -0.56367358 -0.51120770 0.64879795
site 242.273312 -237.390508 23.439051 -0.59564620 -0.55010646 0.58531059
site 245.836155 -240.881545 23.783743 -0.62370780 -0.58539322 0.51798007
site 249.398998 -244.372581 24.128434 -0.64767414 -0.61683628 0.44724849
site 252.961841 -247.863618 24.473126 -0.66738784 -0.64422919 0.37358027
site 256.524683 -251.354655 24.817818 -0.68271947 -0.66739209 0.29745913
site 260.087526 -254.845692 25.162510 -0.69356835 -0.68617288 0.21938486
site 263.650369 -258.336729 25.507202 -0.69986326 -0.70044826 0.13987011
site 267.213212 -261.827766 25.851894 -0.70156287 -0.71012449 0.05943697
site 270.776055 -265.318803 26.196586 -0.69865600 -0.71513804 -0.02138643
site 274.338898 -268.809840 26.541278 -0.69116176 -0.71545598 -0.10206941
site 277.901740 -272.300876 26.885970 -0.67912934 -0.71107624 -0.18208219
site 281.464583 -275.791913 27.230662 -0.66263776 -0.70202756 -0.26089943
site 285.027426 -279.282950 27.575354 -0.64179528 -0.68836936 -0.33800360
site 288.590269 -282.773987 27.920046 -0.61673878 -0.67019133 -0.41288843
site 292.153112 -286.265024 28.264737 -0.58763277 -0.64761281 -0.48506224
site 295.715954 -289.756061 28.609429 -0.55466835 -0.62078207 -0.55405112
site 299.278797 -293.247098 28.954121 -0.51806198 -0.58987526 -0.61940210
site 302.841640 -296.738135 29.298813 -0.47805401 -0.55509533 -0.68068608
site 306.404483 -300.229172 29.643505 -0.43490713 -0.51667064 -0.73750067
site 309.967326 -303.720208 29.988197 -0.38890465 -0.47485349 -0.78947283
site 313.530169 -307.211245 30.332889 -0.34034861 -0.42991844 -0.83626130
site 317.093011 -310.702282 30.677581 -0.28955785 -0.38216055 -0.87755887
site 320.655854 -314.193319 31.022273 -0.23686585 -0.33189338 -0.91309438
site 324.218697 -317.684356 31.366965 -0.18261858 -0.27944701 -0.94263451
site 327.781540 -321.175393 31.711657 -0.12717224 -0.22516578 -0.96598530
site 331.344383 -324.666430 32.056349 -0.07089089 -0.16940611 -0.98299341
site 334.907226 -328.157467 32.401041 -0.01414406 -0.11253412 -0.99354719
site 338.470068 -331.648503 32.745732 0.04269563 -0.05492323 -0.99757733
site 342.032911 -335.139540 33.090424 0.09925499 0.00304829 -0.99505736
site 345.595754 -338.630577 33.435116 0.15516263 0.06099979 -0.98600385
site 349.158597 -342.121614 33.779808 0.21005148 0.11855077 -0.97047622
site 352.721440 -345.612651 34.124500 0.26356113 0.17532334 -0.94857644
site 356.284283 -349.103688 34.469192 0.31534023 0.23094474 -0.92044830
site 359.847125 -352.594725 34.813884 0.36504881 0.28504975 -0.88627649
site 363.409968 -356.085762 35.158576 0.41236047 0.33728312 -0.84628538
site 366.972811 -359.576798 35.503268 0.45696457 0.38730189 -0.80073755
site 370.535654 -363.067835 35.847960 0.49856824 0.43477763 -0.74993208
site 374.098497 -366.558872 36.192652 0.53689831 0.47939862 -0.69420254
site 377.661339 -370.049909 36.537344 0.57170309 0.52087188 -0.63391487
site 381.224182 -373.540946 36.882035 0.60275407 0.55892508 -0.56946490
site 384.787025 -377.031983 37.226727 0.62984737 0.59330838 -0.50127583
site 388.349868 -380.523020 37.571419 0.65280508 0.62379601 -0.42979537
site 391.912711 -384.014057 37.916111 0.67147646 0.65018780 -0.35549288
site 395.475554 -387.505093 38.260803 0.68573893 0.67231044 -0.27885622
site 399.038396 -390.996130 38.605495 0.69549883 0.69001869 -0.20038858
site 402.601239 -394.487167 38.950187 0.70069208 0.70319627 -0.12060519
site 406.164082 -397.978204 39.294879 0.70128458 0.71175666 -0.04002991
site 409.726925 -401.469241 39.639571 0.69727244 0.71564365 0.04080821
site 413.289768 -404.960278 39.984263 0.68868200 0.71483172 0.12137839
site 416.852611 -408.451315 40.328955 0.67556968 0.70932619 0.20115159
site 420.415453 -411.942352 40.673647 0.65802155 0.69916323 0.27960403
site 423.978296 -415.433388 41.018339 0.63615286 0.68440956 0.35622058
site 427.541139 -418.924425 41.363030 0.61010717 0.66516204 0.43049819
site 431.103982 -422.415462 41.707722 0.58005552 0.64154707 0.50194915
site 434.666825 -425.906499 42.052414 0.54619522 0.61371969 0.57010430
site 438.229667 -429.397536 42.397106 0.50874860 0.58186263 0.63451614
site 441.792510 -432.888573 42.741798 0.46796153 0.54618505 0.69476175
site 445.355353 -436.379610 43.086490 0.42410183 0.50692122 0.75044555
site 448.918196 -439.870647 43.431182 0.37745746 0.46432894 0.80120191
site 452.481039 -443.361683 43.775874 0.32833471 0.41868787 0.84669758
site 456.043882 -446.852720 44.120566 0.27705611 0.37029769 0.88663382
site 459.606724 -450.343757 44.465258 0.22395836 0.31947614 0.92074842
site 463.169567 -453.834794 44.809950 0.16939009 0.26655690 0.94881738
site 466.732410 -457.325831 45.154642 0.11370961 0.21188745 0.97065639
site 470.295253 -460.816868 45.499333 0.05728251 0.15582674 0.98612207
site 473.858096 -464.307905 45.844025 0.00047929 0.09874287 0.99511287
site 477.420939 -467.798942 46.188717 -0.05632707 0.04101066 0.99756974
site 480.983781 -471.289979 46.533409 -0.11276359 -0.01699083 0.99347656
site 484.546624 -474.781015 46.878101 -0.16845970 -0.07488075 0.98286021
site 488.109467 -478.272052 47.222793 -0.22304971 -0.13227901 0.96579040
site 491.672310 -481.763089 47.567485 -0.27617517 -0.18880873 0.94237919
site 495.235153 -485.254126 47.912177 -0.32748726 -0.24409872 0.91278032
site 498.797996 -488.745163 48.256869 -0.37664907 -0.29778596 0.87718812
site 502.360838 -492.236200 48.601561 -0.42333780 -0.34951794 0.83583630
site 505.923681 -495.727237 48.946253 -0.46724688 -0.39895498 0.78899637
site 509.486524 -499.218274 49.290945 -0.50808803 -0.44577247 0.73697589
site 513.049367 -502.709310 49.635637 -0.54559306 -0.48966302 0.68011641
site 516.612210 -506.200347 49.980328 -0.57951572 -0.53033845 0.61879129
site 520.175052 -509.691384 50.325020 -0.60963328 -0.56753166 0.55340318
site 523.737895 -513.182421 50.669712 -0.63574798 -0.60099846 0.48438142
site 527.300738 -516.673458 51.014404 -0.65768836 -0.63051909 0.41217921
site 530.863581 -520.164495 51.359096 -0.67531035 -0.65589974 0.33727062
site 534.426424 -523.655532 51.703788 -0.68849824 -0.67697374 0.26014752
site 537.989267 -527.146569 52.048480 -0.69716545 -0.69360272 0.18131628
site 541.552109 -530.637605 52.393172 -0.70125507 -0.70567751 0.10129452
site 545.114952 -534.128642 52.737864 -0.70074024 -0.71311881 0.02060766
site 548.677795 -537.619679 53.082556 -0.69562435 -0.71587777 -0.06021451
site 552.240638 -541.110716 53.427248 -0.68594098 -0.71393626 -0.14064132
site 555.803481 -544.601753 53.771940 -0.67175372 -0.70730705 -0.22014467
site 559.366324 -548.092790 54.116631 -0.65315572 -0.69603366 -0.29820255
site 562.929166 -551.583827 54.461323 -0.63026909 -0.68019010 -0.37430243
site 566.492009 -555.074864 54.806015 -0.60324411 -0.65988041 -0.44794463
site 570.054852 -558.565900 55.150707 -0.57225822 -0.63523794 -0.51864563
site 573.617695 -562.056937 55.495399 -0.53751489 -0.60642449 -0.58594120
site 577.180538 -565.547974 55.840091 -0.49924222 -0.57362925 -0.64938947
site 580.743381 -569.039011 56.184783 -0.45769153 -0.53706756 -0.70857385
site 584.306223 -572.530048 56.529475 -0.41313563 -0.49697948 -0.76310572
site 587.869066 -576.021085 56.874167 -0.36586708 -0.45362823 -0.81262704
site 591.431909 -579.512122 57.218859 -0.31619625 -0.40729845 -0.85681264
site 594.994752 -583.003159 57.563551 -0.26444926 -0.35829435 -0.89537241
site 598.557595 -586.494195 57.908243 -0.21096591 -0.30693769 -0.92805315
site 602.120437 -589.985232 58.252935 -0.15609734 -0.25356567 -0.95464028
site 605.683280 -593.476269 58.597626 -0.10020384 -0.19852873 -0.97495925
site 609.246123 -596.967306 58.942318 -0.04365241 -0.14218826 -0.98887662
site 612.808966 -600.458343 59.287010 0.01318565 -0.08491417 -0.99630102
site 616.371809 -603.949380 59.631702 0.06993714 -0.02708254 -0.99718370
site 619.934652 -607.440417 59.976394 0.12622941 0.03092692 -0.99151887
site 623.497494 -610.931454 60.321086 0.18169286 0.08873331 -0.97934371
site 627.060337 -614.422491 60.665778 0.23596332 0.14595707 -0.96073818
site 630.623180 -617.913527 61.010470 0.28868444 0.20222249 -0.93582443
site 634.186023 -621.404564 61.355162 0.33951005 0.25716010 -0.90476605
site 637.748866 -624.895601 61.699854 0.38810644 0.31040920 -0.86776697
site 641.311709 -628.386638 62.044546 0.43415452 0.36162016 -0.82507013
site 644.874551 -631.877675 62.389238 0.47735193 0.41045671 -0.77695587
site 648.437394 -635.368712 62.733929 0.51741505 0.45659820 -0.72374011
site 652.000237 -638.859749 63.078621 0.55408082 0.49974166 -0.66577227
site 655.563080 -642.350786 63.423313 0.58710849 0.53960382 -0.60343296
site 659.125923 -645.841822 63.768005 0.61628121 0.57592293 -0.53713151
site 662.688765 -649.332859 64.112697 0.64140741 0.60846053 -0.46730325
site 666.251608 -652.823896 64.457389 0.66232213 0.63700297 -0.39440667
site 669.814451 -656.314933 64.802081 0.67888803 0.66136284 -0.31892041
site 673.377294 -659.805970 65.146773 0.69099636 0.68138020 -0.24134012
site 676.940137 -663.297007 65.491465 0.69856759 0.69692362 -0.16217519
site 680.502980 -666.788044 65.836157 0.70155203 0.70789103 -0.08194542
site 684.065822 -670.279081 66.180849 0.69993006 0.71421042 -0.00117759
site 687.628665 -673.770117 66.525541 0.69371236 0.71584030 0.07959797
site 691.191508 -677.261154 66.870233 0.68293973 0.71276996 0.15985089
site 694.754351 -680.752191 67.214924 0.66768291 0.70501958 0.23905423
site 698.317194 -684.243228 67.559616 0.64804209 0.69264003 0.31668794
site 701.880037 -687.734265 67.904308 0.62414621 0.67571260 0.39224227
site 705.442879 -691.225302 68.249000 0.59615219 0.65434843 0.46522113
site 709.005722 -694.716339 68.593692 0.56424382 0.62868781 0.53514535
site 712.568565 -698.207376 68.938384 0.52863063 0.59889922 0.60155580
site 716.131408 -701.698412 69.283076 0.48954644 0.56517825 0.66401643
site 719.694251 -705.189449 69.627768 0.44724789 0.52774632 0.72211713
site 723.257094 -708.680486 69.972460 0.40201270 0.48684920 0.77547639
site 726.819936 -712.171523 70.317152 0.35413790 0.44275543 0.82374388
site 730.382779 -715.662560 70.661844 0.30393782 0.39575452 0.86660265
site 733.945622 -719.153597 71.006536 0.25174209 0.34615509 0.90377131
site 737.508465 -722.644634 71.351228 0.19789342 0.29428279 0.93500579
site 741.071308 -726.135671 71.695919 0.14274537 0.24047824 0.96010102
site 744.634150 -729.626707 72.040611 0.08666006 0.18509470 0.97889222
site 748.196993 -733.117744 72.385303 0.03000574 0.12849583 0.99125601
site 751.759836 -736.608781 72.729995 -0.02684560 0.07105325 0.99711120
site 755.322679 -740.099818 73.074687 -0.08352067 0.01314414 0.99641935
site 758.885522 -743.590855 73.419379 -0.13964735 -0.04485128 0.98918501
site 762.448365 -747.081892 73.764071 -0.19485709 -0.10255220 0.97545567
site 766.011207 -750.572929 74.108763 -0.24878741 -0.15957976 0.95532148
site 769.574050 -754.063966 74.453455 -0.30108418 -0.21555953 0.92891464
site 773.136893 -757.555003 74.798147 -0.35140404 -0.27012392 0.89640854
site 776.699736 -761.046039 75.142839 -0.39941657 -0.32291468 0.85801661
site 780.262579 -764.537076 75.487531 -0.44480653 -0.37358518 0.81399095
site 783.825422 -768.028113 75.832222 -0.48727589 -0.42180272 0.76462061
site 787.388264 -771.519150 76.176914 -0.52654579 -0.46725070 0.71022976
site 790.951107 -775.010187 76.521606 -0.56235839 -0.50963071 0.65117554
site 794.513950 -778.501224 76.866298 -0.59447853 -0.54866447 0.58784570
site 798.076793 -781.992261 77.210990 -0.62269533 -0.58409570 0.52065606
site 801.639636 -785.483298 77.555682 -0.64682350 -0.61569176 0.45004779
site 805.202478 -788.974334 77.900374 -0.66670463 -0.64324518 0.37648450
site 808.765321 -792.465371 78.245066 -0.68220817 -0.66657504 0.30044921
site 812.328164 -795.956408 78.589758 -0.69323232 -0.68552817 0.22244117
site 815.891007 -799.447445 78.934450 -0.69970471 -0.69998012 0.14297258
site 819.453850 -802.938482 79.279142 -0.70158283 -0.70983599 0.06256523
site 823.016693 -806.429519 79.623834 -0.69885435 -0.71503107 -0.01825293
site 826.579535 -809.920556 79.968526 -0.69153719 -0.71553125 -0.09895124
site 830.142378 -813.411593 80.313217 -0.67967939 -0.71133325 -0.17899983
site 833.705221 -816.902629 80.657909 -0.66335880 -0.70246463 -0.25787310
site 837.268064 -820.393666 81.002601 -0.64268261 -0.68898362 -0.33505318
site 840.830907 -823.884703 81.347293 -0.61778655 -0.67097874 -0.41003330
site 844.393750 -827.375740 81.691985 -0.58883410 -0.64856821 -0.48232114
site 847.956592 -830.866777 82.036677 -0.55601536 -0.62189917 -0.55144205
site 851.519435 -834.357814 82.381369 -0.51954582 -0.59114674 -0.61694219
site 855.082278 -837.848851 82.726061 -0.47966494 -0.55651284 -0.67839148
site 858.645121 -841.339888 83.070753 -0.43663457 -0.51822487 -0.73538645
site 862.207964 -844.830924 83.415445 -0.39073726 -0.47653423 -0.78755287
site 865.770807 -848.321961 83.760137 -0.34227437 -0.43171466 -0.83454821
site 869.333649 -851.812998 84.104829 -0.29156410 -0.38406045 -0.87606390
site 872.896492 -855.304035 84.449520 -0.23893941 -0.33388450 -0.91182734
site 876.459335 -858.795072 84.794212 -0.18474585 -0.28151626 -0.94160372
site 880.022178 -862.286109 85.138904 -0.12933925 -0.22729958 -0.96519752
site 883.585021 -865.777146 85.483596 -0.07308340 -0.17159045 -0.98245383
site 887.147863 -869.268183 85.828288 -0.01634769 -0.11475465 -0.99325934
site 890.710706 -872.759219 86.172980 0.04049536 -0.05716538 -0.99754310
site 894.273549 -876.250256 86.517672 0.09707252 0.00079925 -0.99527699
site 897.836392 -879.741293 86.862364 0.15301230 0.05875862 -0.98647588
site 901.399235 -883.232330 87.207056 0.20794740 0.11633219 -0.97119756
site 904.962078 -886.723367 87.551748 0.26151712 0.17314191 -0.94954235
site 908.524920 -890.214404 87.896440 0.31336971 0.22881479 -0.92165244
site 912.087763 -893.705441 88.241132 0.36316471 0.28298527 -0.88771095
site 915.650606 -897.196478 88.585824 0.41057517 0.33529766 -0.84794074
site 919.213449 -900.687515 88.930515 0.45528980 0.38540848 -0.80260295
site 922.776292 -904.178551 89.275207 0.49701498 0.43298872 -0.75199527
site 926.339135 -907.669588 89.619899 0.53547676 0.47772594 -0.69644997
site 929.901977 -911.160625 89.964591 0.57042260 0.51932641 -0.63633178
site 933.464820 -914.651662 90.309283 0.60162304 0.55751698 -0.57203543
site 937.027663 -918.142699 90.653975 0.62887322 0.59204689 -0.50398309
site 940.590506 -921.633736 90.998667 0.65199421 0.62268942 -0.43262160
site 944.153349 -925.124773 91.343359 0.67083420 0.64924336 -0.35841950
site 947.716191 -928.615810 91.688051 0.68526949 0.67153436 -0.28186403
site 951.279034 -932.106846 92.032743 0.69520529 0.68941607 -0.20345783
site 954.841877 -935.597883 92.377435 0.70057637 0.70277106 -0.12371572
site 958.404720 -939.088920 92.722127 0.70134746 0.71151166 -0.04316130
site 961.967563 -942.579957 93.066818 0.69751350 0.71558046 0.03767652
site 965.530406 -946.070994 93.411510 0.68909966 0.71495076 0.11826696
site 969.093248 -949.562031 93.756202 0.67616119 0.70962668 0.19808085
site 972.656091 -953.053068 94.100894 0.65878303 0.69964319 0.27659414
site 976.218934 -956.544105 94.445586 0.63707931 0.68506584 0.35329132
site 979.781777 -960.035141 94.790278 0.61119251 0.66599034 0.42766878
site 983.344620 -963.526178 95.134970 0.58129262 0.64254194 0.49923817
site 986.907463 -967.017215 95.479662 0.54757596 0.61487461 0.56752955
site 990.470305 -970.508252 95.824354 0.51026391 0.58317000 0.63209453
site 994.033148 -973.999289 96.169046 0.46960146 0.54763630 0.69250917
site 997.595991 -977.490326 96.513738 0.42585561 0.50850681 0.74837679
site 1001.158834 -980.981363 96.858430 0.37931358 0.46603847 0.79933057
site 1004.721677 -984.472400 97.203122 0.33028098 0.42051011 0.84503593
site 1008.284520 -987.963436 97.547813 0.27907976 0.37222067 0.88519278
site 1011.847362 -991.454473 97.892505 0.22604609 0.32148724 0.91953745
site 1015.410205 -994.945510 98.237197 0.17152820 0.26864292 0.94784443
site 1018.973048 -998.436547 98.581889 0.11588406 0.21403468 0.96992785
site 1022.535891 -1001.927584 98.926581 0.05947902 0.15802110 0.98564272
site 1026.098734 -1005.418621 99.271273 0.00268344 0.10096994 0.99488586
site 1029.661576 -1008.909658 99.615965 -0.05412976 0.04325582 0.99759656
site 1033.224419 -1012.400695 99.960657 -0.11058754 -0.01474233 0.99375704
site 1036.787262 -1015.891731 100.305349 -0.16631921 -0.07264367 0.98339250
site 1040.350105 -1019.382768 100.650041 -0.22095882 -0.13006804 0.96657100
site 1043.912948 -1022.873805 100.994733 -0.27414761 -0.18663838 0.94340299
site 1047.475791 -1026.364842 101.339425 -0.32553635 -0.24198324 0.91404059
site 1051.038633 -1029.855879 101.684116 -0.37478761 -0.29573925 0.87867659
site 1054.601476 -1033.346916 102.028808 -0.42157801 -0.34755343 0.83754319
site 1058.164319 -1036.837953 102.373500 -0.46560034 -0.39708557 0.79091047
site 1061.727162 -1040.328990 102.718192 -0.50656552 -0.44401044 0.73908464
site 1065.290005 -1043.820027 103.062884 -0.54420459 -0.48801994 0.68240596
site 1068.852848 -1047.311063 103.407576 -0.57827041 -0.52882509 0.62124661
