The four files list the director fields of four model cholesteric liquid-crystal films (files named by composition; columns site x y z in nm and the unit director nx ny nz, n equivalent to −n). Model conditions: the only measured inputs are those reported by Shaban et al. (Materials 2024) for the nematic host E44 doped with the chiral dopant R5011 or S5011: the helical twisting power (107.5 μm⁻¹), the dopant concentration and the host refractive indices (ne = 1.7904, no = 1.5484 at 589 nm, 20 °C); the director twists uniformly about a straight helix axis (ideal planar Grandjean texture) with no defects, surface-anchoring distortion or temperature gradient, which is the idealization behind the paper's relations p = 1/(HTP·c) and λc = p·(ne + no)/2. Each file samples the director every 5 nm over 1.5 μm along an arbitrarily oriented axis. For the E44 films use the average refractive index (ne + no)/2 of E44. You must choose one film such that as little dopant as possible is used while the normal-incidence reflection band is centred at or below 620 nm. Which film should you choose?

选项：
A. E44-R5011-3.00wt (clc-E44-R5011-3.00wt.txt)
B. E44-R5011-2.20wt (clc-E44-R5011-2.20wt.txt)
C. E44-R5011-2.40wt (clc-E44-R5011-2.40wt.txt)
D. E44-R5011-2.62wt (clc-E44-R5011-2.62wt.txt)

附件：clc-E44-R5011-2.20wt.txt、clc-E44-R5011-2.40wt.txt、clc-E44-R5011-2.62wt.txt、clc-E44-R5011-3.00wt.txt（均为本题完整输入）。范围：按论文参数构建的理想胆甾螺旋指向矢场（每 5 nm 一点，1.5 μm，确定性取向）；不是实测结构；模型反射与实测相差约 1–2%。 只回答一个字母 A、B、C 或 D。

===== clc-E44-R5011-2.20wt.txt =====
301
Director field of a model cholesteric film (E44 + 2.20 wt% R5011 (model concentration)); site x y z (nm) nx ny nz (unit director)
site 0.000000 0.000000 0.000000 -0.93368361 0.35295491 -0.06047924
site 1.730684 4.664088 0.501017 -0.93792081 0.34659024 0.01340776
site 3.461369 9.328175 1.002034 -0.93698278 0.33831317 0.08722079
site 5.192053 13.992263 1.503051 -0.93087472 0.32816936 0.16055255
site 6.922737 18.656351 2.004068 -0.91963032 0.31621480 0.23299843
site 8.653421 23.320438 2.505085 -0.90331163 0.30251545 0.30415868
site 10.384106 27.984526 3.006102 -0.88200869 0.28714689 0.37364065
site 12.114790 32.648614 3.507119 -0.85583904 0.27019392 0.44106097
site 13.845474 37.312702 4.008136 -0.82494709 0.25175009 0.50604762
site 15.576158 41.976789 4.509152 -0.78950328 0.23191717 0.56824203
site 17.306843 46.640877 5.010169 -0.74970318 0.21080458 0.62730102
site 19.037527 51.304965 5.511186 -0.70576641 0.18852883 0.68289871
site 20.768211 55.969052 6.012203 -0.65793540 0.16521282 0.73472834
site 22.498896 60.633140 6.513220 -0.60647406 0.14098521 0.78250392
site 24.229580 65.297228 7.014237 -0.55166634 0.11597968 0.82596184
site 25.960264 69.961315 7.515254 -0.49381467 0.09033420 0.86486230
site 27.690948 74.625403 8.016271 -0.43323825 0.06419027 0.89899067
site 29.421633 79.289491 8.517288 -0.37027133 0.03769217 0.92815863
site 31.152317 83.953578 9.018305 -0.30526134 0.01098608 0.95220524
site 32.883001 88.617666 9.519322 -0.23856700 -0.01578062 0.97099782
site 34.613685 93.281754 10.020339 -0.17055630 -0.04246025 0.98443267
site 36.344370 97.945841 10.521356 -0.10160451 -0.06890560 0.99243566
site 38.075054 102.609929 11.022373 -0.03209210 -0.09497074 0.99496264
site 39.805738 107.274017 11.523390 0.03759739 -0.12051185 0.99199966
site 41.536423 111.938105 12.024407 0.10707943 -0.14538801 0.98356307
site 43.267107 116.602192 12.525424 0.17597063 -0.16946196 0.96969943
site 44.997791 121.266280 13.026440 0.24389086 -0.19260086 0.95048522
site 46.728475 125.930368 13.527457 0.31046537 -0.21467703 0.92602647
site 48.459160 130.594455 14.028474 0.37532680 -0.23556867 0.89645814
site 50.189844 135.258543 14.529491 0.43811728 -0.25516049 0.86194337
site 51.920528 139.922631 15.030508 0.49849033 -0.27334441 0.82267261
site 53.651212 144.586718 15.531525 0.55611284 -0.29002008 0.77886255
site 55.381897 149.250806 16.032542 0.61066685 -0.30509549 0.73075491
site 57.112581 153.914894 16.533559 0.66185136 -0.31848746 0.67861515
site 58.843265 158.578981 17.034576 0.70938393 -0.33012209 0.62273096
site 60.573950 163.243069 17.535593 0.75300229 -0.33993519 0.56341070
site 62.304634 167.907157 18.036610 0.79246578 -0.34787261 0.50098167
site 64.035318 172.571245 18.537627 0.82755664 -0.35389056 0.43578835
site 65.766002 177.235332 19.038644 0.85808124 -0.35795583 0.36819046
site 67.496687 181.899420 19.539661 0.88387116 -0.36004598 0.29856098
site 69.227371 186.563508 20.040678 0.90478410 -0.36014949 0.22728412
site 70.958055 191.227595 20.541695 0.92070467 -0.35826579 0.15475316
site 72.688739 195.891683 21.042712 0.93154501 -0.35440526 0.08136831
site 74.419424 200.555771 21.543729 0.93724532 -0.34858921 0.00753449
site 76.150108 205.219858 22.044745 0.93777414 -0.34084973 -0.06634090
site 77.880792 209.883946 22.545762 0.93312856 -0.33122953 -0.13985024
site 79.611477 214.548034 23.046779 0.92333420 -0.31978169 -0.21258792
site 81.342161 219.212121 23.547796 0.90844511 -0.30656937 -0.28415260
site 83.072845 223.876209 24.048813 0.88854345 -0.29166547 -0.35414939
site 84.803529 228.540297 24.549830 0.86373903 -0.27515224 -0.42219207
site 86.534214 233.204384 25.050847 0.83416870 -0.25712078 -0.48790520
site 88.264898 237.868472 25.551864 0.79999564 -0.23767060 -0.55092618
site 89.995582 242.532560 26.052881 0.76140840 -0.21690901 -0.61090730
site 91.726266 247.196648 26.553898 0.71861990 -0.19495057 -0.66751758
site 93.456951 251.860735 27.054915 0.67186623 -0.17191644 -0.72044466
site 95.187635 256.524823 27.555932 0.62140537 -0.14793371 -0.76939651
site 96.918319 261.188911 28.056949 0.56751575 -0.12313473 -0.81410301
site 98.649004 265.852998 28.557966 0.51049471 -0.09765632 -0.85431750
site 100.379688 270.517086 29.058983 0.45065689 -0.07163906 -0.88981808
site 102.110372 275.181174 29.560000 0.38833246 -0.04522652 -0.92040885
site 103.841056 279.845261 30.061017 0.32386531 -0.01856443 -0.94592104
site 105.571741 284.509349 30.562033 0.25761115 0.00820009 -0.96621388
site 107.302425 289.173437 31.063050 0.18993555 0.03491937 -0.98117538
site 109.033109 293.837524 31.564067 0.12121194 0.06144597 -0.99072300
site 110.763793 298.501612 32.065084 0.05181950 0.08763353 -0.99480405
site 112.494478 303.165700 32.566101 -0.01785885 0.11333755 -0.99339602
site 114.225162 307.829787 33.067118 -0.08743867 0.13841620 -0.98650668
site 115.955846 312.493875 33.568135 -0.15653603 0.16273110 -0.97417404
site 117.686531 317.157963 34.069152 -0.22476965 0.18614810 -0.95646615
site 119.417215 321.822051 34.570169 -0.29176306 0.20853797 -0.93348071
site 121.147899 326.486138 35.071186 -0.35714658 0.22977718 -0.90534456
site 122.878583 331.150226 35.572203 -0.42055946 0.24974854 -0.87221294
site 124.609268 335.814314 36.073220 -0.48165180 0.26834185 -0.83426866
site 126.339952 340.478401 36.574237 -0.54008650 0.28545452 -0.79172110
site 128.070636 345.142489 37.075254 -0.59554114 0.30099211 -0.74480501
site 129.801320 349.806577 37.576271 -0.64770973 0.31486891 -0.69377927
site 131.532005 354.470664 38.077288 -0.69630441 0.32700834 -0.63892544
site 133.262689 359.134752 38.578305 -0.74105706 0.33734341 -0.58054617
site 134.993373 363.798840 39.079321 -0.78172074 0.34581711 -0.51896358
site 136.724058 368.462927 39.580338 -0.81807108 0.35238268 -0.45451749
site 138.454742 373.127015 40.081355 -0.84990751 0.35700389 -0.38756348
site 140.185426 377.791103 40.582372 -0.87705435 0.35965523 -0.31847099
site 141.916110 382.455191 41.083389 -0.89936183 0.36032209 -0.24762126
site 143.646795 387.119278 41.584406 -0.91670685 0.35900078 -0.17540522
site 145.377479 391.783366 42.085423 -0.92899371 0.35569859 -0.10222133
site 147.108163 396.447454 42.586440 -0.93615461 0.35043375 -0.02847341
site 148.838847 401.111541 43.087457 -0.93815004 0.34323529 0.04543162
site 150.569532 405.775629 43.588474 -0.93496899 0.33414295 0.11908597
site 152.300216 410.439717 44.089491 -0.92662902 0.32320690 0.19208323
site 154.030900 415.103804 44.590508 -0.91317613 0.31048746 0.26402063
site 155.761585 419.767892 45.091525 -0.89468456 0.29605484 0.33450122
site 157.492269 424.431980 45.592542 -0.87125635 0.27998865 0.40313612
site 159.222953 429.096067 46.093559 -0.84302076 0.26237756 0.46954661
site 160.953637 433.760155 46.594576 -0.81013358 0.24331874 0.53336626
site 162.684322 438.424243 47.095593 -0.77277629 0.22291734 0.59424293
site 164.415006 443.088330 47.596609 -0.73115502 0.20128593 0.65184071
site 166.145690 447.752418 48.097626 -0.68549941 0.17854389 0.70584180
site 167.876374 452.416506 48.598643 -0.63606138 0.15481668 0.75594822
site 169.607059 457.080594 49.099660 -0.58311372 0.13023523 0.80188351
site 171.337743 461.744681 49.600677 -0.52694859 0.10493517 0.84339421
site 173.068427 466.408769 50.101694 -0.46787589 0.07905611 0.88025126
site 174.799112 471.072857 50.602711 -0.40622156 0.05274084 0.91225131
site 176.529796 475.736944 51.103728 -0.34232580 0.02613455 0.93921778
site 178.260480 480.401032 51.604745 -0.27654117 -0.00061593 0.96100187
site 179.991164 485.065120 52.105762 -0.20923065 -0.02736302 0.97748340
site 181.721849 489.729207 52.606779 -0.14076566 -0.05395913 0.98857141
site 183.452533 494.393295 53.107796 -0.07152395 -0.08025750 0.99420474
site 185.183217 499.057383 53.608813 -0.00188759 -0.10611304 0.99435228
site 186.913901 503.721470 54.109830 0.06775918 -0.13138307 0.98901324
site 188.644586 508.385558 54.610847 0.13703208 -0.15592815 0.97821706
site 190.375270 513.049646 55.111864 0.20554886 -0.17961287 0.96202333
site 192.105954 517.713734 55.612881 0.27293148 -0.20230652 0.94052139
site 193.836638 522.377821 56.113897 0.33880813 -0.22388390 0.91382988
site 195.567323 527.041909 56.614914 0.40281532 -0.24422595 0.88209608
site 197.298007 531.705997 57.115931 0.46459988 -0.26322041 0.84549510
site 199.028691 536.370084 57.616948 0.52382089 -0.28076249 0.80422889
site 200.759376 541.034172 58.117965 0.58015158 -0.29675539 0.75852514
site 202.490060 545.698260 58.618982 0.63328114 -0.31111087 0.70863603
site 204.220744 550.362347 59.119999 0.68291641 -0.32374971 0.65483685
site 205.951428 555.026435 59.621016 0.72878352 -0.33460219 0.59742444
site 207.682113 559.690523 60.122033 0.77062938 -0.34360841 0.53671558
site 209.412797 564.354610 60.623050 0.80822310 -0.35071868 0.47304527
site 211.143481 569.018698 61.124067 0.84135724 -0.35589378 0.40676481
site 212.874165 573.682786 61.625084 0.86984898 -0.35910514 0.33823991
site 214.604850 578.346873 62.126101 0.89354111 -0.36033505 0.26784870
site 216.335534 583.010961 62.627118 0.91230291 -0.35957672 0.19597956
site 218.066218 587.675049 63.128135 0.92603083 -0.35683434 0.12302906
site 219.796903 592.339137 63.629152 0.93464915 -0.35212303 0.04939971
site 221.527587 597.003224 64.130169 0.93811031 -0.34546879 -0.02450221
site 223.258271 601.667312 64.631186 0.93639521 -0.33690834 -0.09826894
site 224.988955 606.331400 65.132202 0.92951331 -0.32648892 -0.17149344
site 226.719640 610.995487 65.633219 0.91750258 -0.31426801 -0.24377169
site 228.450324 615.659575 66.134236 0.90042930 -0.30031304 -0.31470486
site 230.181008 620.323663 66.635253 0.87838768 -0.28470103 -0.38390157
site 231.911692 624.987750 67.136270 0.85149933 -0.26751810 -0.45098000
site 233.642377 629.651838 67.637287 0.81991261 -0.24885907 -0.51557004
site 235.373061 634.315926 68.138304 0.78380182 -0.22882690 -0.57731529
site 237.103745 638.980013 68.639321 0.74336621 -0.20753213 -0.63587506
site 238.834430 643.644101 69.140338 0.69882889 -0.18509224 -0.69092623
site 240.565114 648.308189 69.641355 0.65043560 -0.16163105 -0.74216503
site 242.295798 652.972277 70.142372 0.59845337 -0.13727803 -0.78930876
site 244.026482 657.636364 70.643389 0.54316902 -0.11216754 -0.83209727
site 245.757167 662.300452 71.144406 0.48488759 -0.08643814 -0.87029447
site 247.487851 666.964540 71.645423 0.42393068 -0.06023179 -0.90368961
site 249.218535 671.628627 72.146440 0.36063462 -0.03369310 -0.93209841
site 250.949219 676.292715 72.647457 0.29534867 -0.00696850 -0.95536412
site 252.679904 680.956803 73.148474 0.22843306 0.01979455 -0.97335837
site 254.410588 685.620890 73.649490 0.16025702 0.04644838 -0.98598186
site 256.141272 690.284978 74.150507 0.09119671 0.07284592 -0.99316496
site 257.871957 694.949066 74.651524 0.02163320 0.09884151 -0.99486801
site 259.602641 699.613153 75.152541 -0.04804967 0.12429172 -0.99108163
site 261.333325 704.277241 75.653558 -0.11746742 0.14905612 -0.98182670
site 263.064009 708.941329 76.154575 -0.18623701 0.17299807 -0.96715430
site 264.794694 713.605416 76.655592 -0.25397899 0.19598545 -0.94714538
site 266.525378 718.269504 77.156609 -0.32031958 0.21789144 -0.92191035
site 268.256062 722.933592 77.657626 -0.38489272 0.23859515 -0.89158844
site 269.986746 727.597680 78.158643 -0.44734213 0.25798235 -0.85634697
site 271.717431 732.261767 78.659660 -0.50732320 0.27594608 -0.81638038
site 273.448115 736.925855 79.160677 -0.56450500 0.29238719 -0.77190921
site 275.178799 741.589943 79.661694 -0.61857199 0.30721499 -0.72317884
site 276.909484 746.254030 80.162711 -0.66922586 0.32034766 -0.67045815
site 278.640168 750.918118 80.663728 -0.71618711 0.33171272 -0.61403803
site 280.370852 755.582206 81.164745 -0.75919661 0.34124747 -0.55422980
site 282.101536 760.246293 81.665762 -0.79801705 0.34889931 -0.49136347
site 283.832221 764.910381 82.166778 -0.83243423 0.35462601 -0.42578592
site 285.562905 769.574469 82.667795 -0.86225824 0.35839596 -0.35785899
site 287.293589 774.238556 83.168812 -0.88732453 0.36018838 -0.28795747
site 289.024273 778.902644 83.669829 -0.90749478 0.35999337 -0.21646708
site 290.754958 783.566732 84.170846 -0.92265770 0.35781200 -0.14378228
site 292.485642 788.230819 84.671863 -0.93272962 0.35365631 -0.07030413
site 294.216326 792.894907 85.172880 -0.93765497 0.34754924 0.00356195
site 295.947011 797.558995 85.673897 -0.93740657 0.33952447 0.07740837
site 297.677695 802.223083 86.174914 -0.93198579 0.32962629 0.15082768
site 299.408379 806.887170 86.675931 -0.92142255 0.31790932 0.22341475
site 301.139063 811.551258 87.176948 -0.90577512 0.30443820 0.29476908
site 302.869748 816.215346 87.677965 -0.88512985 0.28928727 0.36449694
site 304.600432 820.879433 88.178982 -0.85960066 0.27254012 0.43221360
site 306.331116 825.543521 88.679999 -0.82932840 0.25428916 0.49754541
site 308.061800 830.207609 89.181016 -0.79448011 0.23463510 0.56013189
site 309.792485 834.871696 89.682033 -0.75524807 0.21368637 0.61962770
site 311.523169 839.535784 90.183050 -0.71184876 0.19155858 0.67570455
site 313.253853 844.199872 90.684066 -0.66452165 0.16837382 0.72805304
site 314.984538 848.863959 91.185083 -0.61352787 0.14426001 0.77638431
site 316.715222 853.528047 91.686100 -0.55914880 0.11935021 0.82043168
site 318.445906 858.192135 92.187117 -0.50168448 0.09378187 0.85995212
site 320.176590 862.856223 92.688134 -0.44145199 0.06769606 0.89472755
site 321.907275 867.520310 93.189151 -0.37878368 0.04123672 0.92456609
site 323.637959 872.184398 93.690168 -0.31402533 0.01454985 0.94930311
site 325.368643 876.848486 94.191185 -0.24753427 -0.01221731 0.96880211
site 327.099327 881.512573 94.692202 -0.17967738 -0.03891705 0.98295549
site 328.830012 886.176661 95.193219 -0.11082907 -0.06540206 0.99168518
site 330.560696 890.840749 95.694236 -0.04136923 -0.09152620 0.99494298
site 332.291380 895.504836 96.195253 0.02831887 -0.11714532 0.99271094
site 334.022065 900.168924 96.696270 0.09785072 -0.14211806 0.98500137
site 335.752749 904.833012 97.197287 0.16684265 -0.16630662 0.97185680
site 337.483433 909.497099 97.698304 0.23491398 -0.18957755 0.95334976
site 339.214117 914.161187 98.199321 0.30168912 -0.21180244 0.92958238
site 340.944802 918.825275 98.700338 0.36679961 -0.23285865 0.90068579
site 342.675486 923.489362 99.201354 0.42988619 -0.25263000 0.86681944
site 344.406170 928.153450 99.702371 0.49060076 -0.27100741 0.82817020
site 346.136854 932.817538 100.203388 0.54860832 -0.28788946 0.78495131
site 347.867539 937.481626 100.704405 0.60358880 -0.30318301 0.73740126
site 349.598223 942.145713 101.205422 0.65523882 -0.31680368 0.68578241
site 351.328907 946.809801 101.706439 0.70327340 -0.32867629 0.63037959
site 353.059592 951.473889 102.207456 0.74742748 -0.33873536 0.57149848
site 354.790276 956.137976 102.708473 0.78745745 -0.34692536 0.50946399
site 356.520960 960.802064 103.209490 0.82314242 -0.35320112 0.44461840
site 358.251644 965.466152 103.710507 0.85428550 -0.35752800 0.37731951
site 359.982329 970.130239 104.211524 0.88071484 -0.35988213 0.30793867
site 361.713013 974.794327 104.712541 0.90228461 -0.36025052 0.23685870
site 363.443697 979.458415 105.213558 0.91887580 -0.35863113 0.16447181
site 365.174381 984.122502 105.714575 0.93039686 -0.35503291 0.09117740
site 366.905066 988.786590 106.215592 0.93678422 -0.34947570 0.01737989
site 368.635750 993.450678 106.716609 0.93800263 -0.34199018 -0.05651351
site 370.366434 998.114766 107.217626 0.93404538 -0.33261763 -0.13009509
site 372.097119 1002.778853 107.718643 0.92493430 -0.32140979 -0.20295883
site 373.827803 1007.442941 108.219659 0.91071966 -0.30842848 -0.27470270
site 375.558487 1012.107029 108.720676 0.89147989 -0.29374534 -0.34493083
site 377.289171 1016.771116 109.221693 0.86732116 -0.27744139 -0.41325571
site 379.019856 1021.435204 109.722710 0.83837676 -0.25960659 -0.47930035
site 380.750540 1026.099292 110.223727 0.80480641 -0.24033934 -0.54270033
site 382.481224 1030.763379 110.724744 0.76679533 -0.21974595 -0.60310582
site 384.211908 1035.427467 111.225761 0.72455327 -0.19794007 -0.66018352
site 385.942593 1040.091555 111.726778 0.67831330 -0.17504199 -0.71361850
site 387.673277 1044.755642 112.227795 0.62833057 -0.15117808 -0.76311590
site 389.403961 1049.419730 112.728812 0.57488086 -0.12648001 -0.80840262
site 391.134646 1054.083818 113.229829 0.51825911 -0.10108405 -0.84922877
site 392.865330 1058.747905 113.730846 0.45877773 -0.07513034 -0.88536909
site 394.596014 1063.411993 114.231863 0.39676492 -0.04876207 -0.91662416
site 396.326698 1068.076081 114.732880 0.33256287 -0.02212475 -0.94282153
site 398.057383 1072.740169 115.233897 0.26652581 0.00463465 -0.96381664
site 399.788067 1077.404256 115.734914 0.19901813 0.03136848 -0.97949365
site 401.518751 1082.068344 116.235931 0.13041232 0.05792923 -0.98976605
site 403.249435 1086.732432 116.736947 0.06108693 0.08417034 -0.99457717
site 404.980120 1091.396519 117.237964 -0.00857553 0.10994701 -0.99390046
site 406.710804 1096.060607 117.738981 -0.07819067 0.13511703 -0.98773965
site 408.441488 1100.724695 118.239998 -0.14737437 0.15954150 -0.97612873
site 410.172173 1105.388782 118.741015 -0.21574490 0.18308566 -0.95913178
site 411.902857 1110.052870 119.242032 -0.28292500 0.20561960 -0.93684258
site 413.633541 1114.716958 119.743049 -0.34854399 0.22701898 -0.90938412
site 415.364225 1119.381045 120.244066 -0.41223980 0.24716573 -0.87690789
site 417.094910 1124.045133 120.745083 -0.47366097 0.26594868 -0.83959311
site 418.825594 1128.709221 121.246100 -0.53246860 0.28326419 -0.79764565
site 420.556278 1133.373309 121.747117 -0.58833820 0.29901672 -0.75129699
site 422.286962 1138.037396 122.248134 -0.64096149 0.31311934 -0.70080286
site 424.017647 1142.701484 122.749151 -0.69004812 0.32549426 -0.64644186
site 425.748331 1147.365572 123.250168 -0.73532723 0.33607317 -0.58851397
site 427.479015 1152.029659 123.751185 -0.77654899 0.34479772 -0.52733879
site 429.209700 1156.693747 124.252202 -0.81348594 0.35161976 -0.46325390
site 430.940384 1161.357835 124.753219 -0.84593428 0.35650164 -0.39661288
site 432.671068 1166.021922 125.254235 -0.87371496 0.35941644 -0.32778345
site 434.401752 1170.686010 125.755252 -0.89667470 0.36034807 -0.25714539
site 436.132437 1175.350098 126.256269 -0.91468681 0.35929139 -0.18508847
site 437.863121 1180.014185 126.757286 -0.92765190 0.35625222 -0.11201027
site 439.593805 1184.678273 127.258303 -0.93549844 0.35124735 -0.03831403
site 441.324489 1189.342361 127.759320 -0.93818313 0.34430437 0.03559362
site 443.055174 1194.006448 128.260337 -0.93569116 0.33546161 0.10930487
site 444.785858 1198.670536 128.761354 -0.92803628 0.32476786 0.18241300
site 446.516542 1203.334624 129.262371 -0.91526072 0.31228212 0.25451463
site 448.247227 1207.998712 129.763388 -0.89743498 0.29807328 0.32521190
site 449.977911 1212.662799 130.264405 -0.87465741 0.28221975 0.39411474
site 451.708595 1217.326887 130.765422 -0.84705370 0.26480900 0.46084294
site 453.439279 1221.990975 131.266439 -0.81477616 0.24593710 0.52502834
site 455.169964 1226.655062 131.767456 -0.77800288 0.22570818 0.58631675
site 456.900648 1231.319150 132.268473 -0.73693678 0.20423385 0.64437001
site 458.631332 1235.983238 132.769490 -0.69180444 0.18163262 0.69886780
site 460.362016 1240.647325 133.270507 -0.64285490 0.15802918 0.74950941
site 462.092701 1245.311413 133.771523 -0.59035824 0.13355377 0.79601541
site 463.823385 1249.975501 134.272540 -0.53460413 0.10834145 0.83812920
site 465.554069 1254.639588 134.773557 -0.47590021 0.08253133 0.87561839
site 467.284754 1259.303676 135.274574 -0.41457038 0.05626582 0.90827614
site 469.015438 1263.967764 135.775591 -0.35095307 0.02968985 0.93592225
site 470.746122 1268.631851 136.276608 -0.28539927 0.00295005 0.95840417
site 472.476806 1273.295939 136.777625 -0.21827072 -0.02380602 0.97559785
site 474.207491 1277.960027 137.278642 -0.14993780 -0.05043073 0.98740842
site 475.938175 1282.624115 137.779659 -0.08077756 -0.07677718 0.99377072
site 477.668859 1287.288202 138.280676 -0.01117161 -0.10270000 0.99464964
site 479.399543 1291.952290 138.781693 0.05849598 -0.12805614 0.99004033
site 481.130228 1296.616378 139.282710 0.12784080 -0.15270569 0.97996821
site 482.860912 1301.280465 139.783727 0.19648023 -0.17651266 0.96448888
site 484.591596 1305.944553 140.284744 0.26403553 -0.19934567 0.94368773
site 486.322281 1310.608641 140.785761 0.33013395 -0.22107874 0.91767955
site 488.052965 1315.272728 141.286778 0.39441077 -0.24159196 0.88660784
site 489.783649 1319.936816 141.787795 0.45651133 -0.26077213 0.85064405
site 491.514333 1324.600904 142.288812 0.51609297 -0.27851342 0.80998662
site 493.245018 1329.264991 142.789828 0.57282694 -0.29471794 0.76485987
site 494.975702 1333.929079 143.290845 0.62640020 -0.30929629 0.71551282
site 496.706386 1338.593167 143.791862 0.67651713 -0.32216801 0.66221775
site 498.437070 1343.257255 144.292879 0.72290120 -0.33326209 0.60526872
site 500.167755 1347.921342 144.793896 0.76529649 -0.34251732 0.54497997
site 501.898439 1352.585430 145.294913 0.80346906 -0.34988261 0.48168416
site 503.629123 1357.249518 145.795930 0.83720828 -0.35531734 0.41573053
site 505.359808 1361.913605 146.296947 0.86632800 -0.35879152 0.34748300
site 507.090492 1366.577693 146.797964 0.89066754 -0.36028598 0.27731815
site 508.821176 1371.241781 147.298981 0.91009259 -0.35979246 0.20562312
site 510.551860 1375.905868 147.799998 0.92449597 -0.35731370 0.13279352
site 512.282545 1380.569956 148.301015 0.93379821 -0.35286337 0.05923120
site 514.013229 1385.234044 148.802032 0.93794799 -0.34646603 -0.01465795
site 515.743913 1389.898131 149.303049 0.93692240 -0.33815698 -0.08846622
site 517.474597 1394.562219 149.804066 0.93072711 -0.32798205 -0.16178635
site 519.205282 1399.226307 150.305083 0.91939629 -0.31599741 -0.23421379


===== clc-E44-R5011-2.40wt.txt =====
301
Director field of a model cholesteric film (E44 + 2.40 wt% R5011 (model concentration)); site x y z (nm) nx ny nz (unit director)
site 0.000000 -0.000000 0.000000 -0.68547448 -0.71376646 -0.14374344
site 3.562843 -3.491037 0.344692 -0.67111434 -0.70695623 -0.22320043
site 7.125686 -6.982074 0.689384 -0.65234765 -0.69550412 -0.30119190
site 10.688528 -10.473111 1.034076 -0.62929764 -0.67948533 -0.37720573
site 14.251371 -13.964148 1.378768 -0.60211566 -0.65900503 -0.45074283
site 17.814214 -17.455184 1.723460 -0.57098018 -0.63419770 -0.52132035
site 21.377057 -20.946221 2.068152 -0.53609565 -0.60522622 -0.58847487
site 24.939900 -24.437258 2.412843 -0.49769110 -0.57228082 -0.65176547
site 28.502743 -27.928295 2.757535 -0.45601871 -0.53557783 -0.71077656
site 32.065585 -31.419332 3.102227 -0.41135210 -0.49535822 -0.76512070
site 35.628428 -34.910369 3.446919 -0.36398455 -0.45188609 -0.81444104
site 39.191271 -38.401406 3.791611 -0.31422707 -0.40544687 -0.85841376
site 42.754114 -41.892443 4.136303 -0.26240638 -0.35634548 -0.89675013
site 46.316957 -45.383479 4.480995 -0.20886272 -0.30490433 -0.92919843
site 49.879800 -48.874516 4.825687 -0.15394767 -0.25146117 -0.95554560
site 53.442642 -52.365553 5.170379 -0.09802180 -0.19636691 -0.97561866
site 57.005485 -55.856590 5.515071 -0.04145232 -0.13998331 -0.98928579
site 60.568328 -59.347627 5.859763 0.01538935 -0.08268058 -0.99645727
site 64.131171 -62.838664 6.204455 0.07212996 -0.02483497 -0.99708600
site 67.694014 -66.329701 6.549146 0.12839697 0.03317371 -0.99116786
site 71.256857 -69.820738 6.893838 0.18382092 0.09096458 -0.97874170
site 74.819699 -73.311774 7.238530 0.23803790 0.14815816 -0.95988912
site 78.382542 -76.802811 7.583222 0.29069193 0.20437894 -0.93473389
site 81.945385 -80.293848 7.927914 0.34143727 0.25925777 -0.90344120
site 85.508228 -83.784885 8.272606 0.38994073 0.31243431 -0.86621651
site 89.071071 -87.275922 8.617298 0.43588383 0.36355940 -0.82330423
site 92.633913 -90.766959 8.961990 0.47896492 0.41229736 -0.77498613
site 96.196756 -94.257996 9.306682 0.51890112 0.45832817 -0.72157946
site 99.759599 -97.749033 9.651374 0.55543022 0.50134959 -0.66343490
site 103.322442 -101.240069 9.996066 0.58831235 0.54107915 -0.60093422
site 106.885285 -104.731106 10.340758 0.61733162 0.57725598 -0.53448780
site 110.448128 -108.222143 10.685450 0.64229749 0.60964254 -0.46453193
site 114.010970 -111.713180 11.030141 0.66304602 0.63802618 -0.39152594
site 117.573813 -115.204217 11.374833 0.67944099 0.66222054 -0.31594919
site 121.136656 -118.695254 11.719525 0.69137475 0.68206676 -0.23829791
site 124.699499 -122.186291 12.064217 0.69876893 0.69743452 -0.15908197
site 128.262342 -125.677328 12.408909 0.70157500 0.70822291 -0.07882149
site 131.825185 -129.168364 12.753601 0.69977451 0.71436112 0.00195653
site 135.388027 -132.659401 13.098293 0.69337930 0.71580882 0.08272170
site 138.950870 -136.150438 13.442985 0.68243136 0.71255651 0.16294372
site 142.513713 -139.641475 13.787677 0.66700257 0.70462555 0.24209585
site 146.076556 -143.132512 14.132369 0.64719423 0.69206802 0.31965838
site 149.639399 -146.623549 14.477061 0.62313641 0.67496636 0.39512203
site 153.202241 -150.114586 14.821753 0.59498707 0.65343287 0.46799131
site 156.765084 -153.605623 15.166444 0.56293105 0.62760893 0.53778775
site 160.327927 -157.096660 15.511136 0.52717881 0.59766411 0.60405307
site 163.890770 -160.587696 15.855828 0.48796512 0.56379502 0.66635217
site 167.453613 -164.078733 16.200520 0.44554744 0.52622405 0.72427600
site 171.016456 -167.569770 16.545212 0.40020429 0.48519789 0.77744423
site 174.579298 -171.060807 16.889904 0.35223340 0.44098591 0.82550776
site 178.142141 -174.551844 17.234596 0.30194974 0.39387842 0.86815099
site 181.704984 -178.042881 17.579288 0.24968348 0.34418472 0.90509394
site 185.267827 -181.533918 17.923980 0.19577779 0.29223110 0.93609403
site 188.830670 -185.024955 18.268672 0.14058662 0.23835869 0.96094773
site 192.393513 -188.515991 18.613364 0.08447237 0.18292121 0.97949183
site 195.956355 -192.007028 18.958056 0.02780346 0.12628267 0.99160459
site 199.519198 -195.498065 19.302748 -0.02904800 0.06881496 0.99720646
site 203.082041 -198.989102 19.647439 -0.08570873 0.01089541 0.99626066
site 206.644884 -202.480139 19.992131 -0.14180670 -0.04709569 0.98877341
site 210.207727 -205.971176 20.336823 -0.19697356 -0.10477755 0.97479387
site 213.770570 -209.462213 20.681515 -0.25084710 -0.16177144 0.95441382
site 217.333412 -212.953250 21.026207 -0.30307357 -0.21770314 0.92776708
site 220.896255 -216.444286 21.370899 -0.35331006 -0.27220539 0.89502862
site 224.459098 -219.935323 21.715591 -0.40122671 -0.32492035 0.85641339
site 228.021941 -223.426360 22.060283 -0.44650890 -0.37550187 0.81217495
site 231.584784 -226.917397 22.404975 -0.48885931 -0.42361785 0.76260376
site 235.147626 -230.408434 22.749667 -0.52799987 -0.46895235 0.70802530
site 238.710469 -233.899471 23.094359 -0.56367358 -0.51120770 0.64879795
site 242.273312 -237.390508 23.439051 -0.59564620 -0.55010646 0.58531059
site 245.836155 -240.881545 23.783743 -0.62370780 -0.58539322 0.51798007
site 249.398998 -244.372581 24.128434 -0.64767414 -0.61683628 0.44724849
site 252.961841 -247.863618 24.473126 -0.66738784 -0.64422919 0.37358027
site 256.524683 -251.354655 24.817818 -0.68271947 -0.66739209 0.29745913
site 260.087526 -254.845692 25.162510 -0.69356835 -0.68617288 0.21938486
site 263.650369 -258.336729 25.507202 -0.69986326 -0.70044826 0.13987011
site 267.213212 -261.827766 25.851894 -0.70156287 -0.71012449 0.05943697
site 270.776055 -265.318803 26.196586 -0.69865600 -0.71513804 -0.02138643
site 274.338898 -268.809840 26.541278 -0.69116176 -0.71545598 -0.10206941
site 277.901740 -272.300876 26.885970 -0.67912934 -0.71107624 -0.18208219
site 281.464583 -275.791913 27.230662 -0.66263776 -0.70202756 -0.26089943
site 285.027426 -279.282950 27.575354 -0.64179528 -0.68836936 -0.33800360
site 288.590269 -282.773987 27.920046 -0.61673878 -0.67019133 -0.41288843
site 292.153112 -286.265024 28.264737 -0.58763277 -0.64761281 -0.48506224
site 295.715954 -289.756061 28.609429 -0.55466835 -0.62078207 -0.55405112
site 299.278797 -293.247098 28.954121 -0.51806198 -0.58987526 -0.61940210
site 302.841640 -296.738135 29.298813 -0.47805401 -0.55509533 -0.68068608
site 306.404483 -300.229172 29.643505 -0.43490713 -0.51667064 -0.73750067
site 309.967326 -303.720208 29.988197 -0.38890465 -0.47485349 -0.78947283
site 313.530169 -307.211245 30.332889 -0.34034861 -0.42991844 -0.83626130
site 317.093011 -310.702282 30.677581 -0.28955785 -0.38216055 -0.87755887
site 320.655854 -314.193319 31.022273 -0.23686585 -0.33189338 -0.91309438
site 324.218697 -317.684356 31.366965 -0.18261858 -0.27944701 -0.94263451
site 327.781540 -321.175393 31.711657 -0.12717224 -0.22516578 -0.96598530
site 331.344383 -324.666430 32.056349 -0.07089089 -0.16940611 -0.98299341
site 334.907226 -328.157467 32.401041 -0.01414406 -0.11253412 -0.99354719
site 338.470068 -331.648503 32.745732 0.04269563 -0.05492323 -0.99757733
site 342.032911 -335.139540 33.090424 0.09925499 0.00304829 -0.99505736
site 345.595754 -338.630577 33.435116 0.15516263 0.06099979 -0.98600385
site 349.158597 -342.121614 33.779808 0.21005148 0.11855077 -0.97047622
site 352.721440 -345.612651 34.124500 0.26356113 0.17532334 -0.94857644
site 356.284283 -349.103688 34.469192 0.31534023 0.23094474 -0.92044830
site 359.847125 -352.594725 34.813884 0.36504881 0.28504975 -0.88627649
site 363.409968 -356.085762 35.158576 0.41236047 0.33728312 -0.84628538
site 366.972811 -359.576798 35.503268 0.45696457 0.38730189 -0.80073755
site 370.535654 -363.067835 35.847960 0.49856824 0.43477763 -0.74993208
site 374.098497 -366.558872 36.192652 0.53689831 0.47939862 -0.69420254
site 377.661339 -370.049909 36.537344 0.57170309 0.52087188 -0.63391487
site 381.224182 -373.540946 36.882035 0.60275407 0.55892508 -0.56946490
site 384.787025 -377.031983 37.226727 0.62984737 0.59330838 -0.50127583
site 388.349868 -380.523020 37.571419 0.65280508 0.62379601 -0.42979537
site 391.912711 -384.014057 37.916111 0.67147646 0.65018780 -0.35549288
site 395.475554 -387.505093 38.260803 0.68573893 0.67231044 -0.27885622
site 399.038396 -390.996130 38.605495 0.69549883 0.69001869 -0.20038858
site 402.601239 -394.487167 38.950187 0.70069208 0.70319627 -0.12060519
site 406.164082 -397.978204 39.294879 0.70128458 0.71175666 -0.04002991
site 409.726925 -401.469241 39.639571 0.69727244 0.71564365 0.04080821
site 413.289768 -404.960278 39.984263 0.68868200 0.71483172 0.12137839
site 416.852611 -408.451315 40.328955 0.67556968 0.70932619 0.20115159
site 420.415453 -411.942352 40.673647 0.65802155 0.69916323 0.27960403
site 423.978296 -415.433388 41.018339 0.63615286 0.68440956 0.35622058
site 427.541139 -418.924425 41.363030 0.61010717 0.66516204 0.43049819
site 431.103982 -422.415462 41.707722 0.58005552 0.64154707 0.50194915
site 434.666825 -425.906499 42.052414 0.54619522 0.61371969 0.57010430
site 438.229667 -429.397536 42.397106 0.50874860 0.58186263 0.63451614
site 441.792510 -432.888573 42.741798 0.46796153 0.54618505 0.69476175
site 445.355353 -436.379610 43.086490 0.42410183 0.50692122 0.75044555
site 448.918196 -439.870647 43.431182 0.37745746 0.46432894 0.80120191
site 452.481039 -443.361683 43.775874 0.32833471 0.41868787 0.84669758
site 456.043882 -446.852720 44.120566 0.27705611 0.37029769 0.88663382
site 459.606724 -450.343757 44.465258 0.22395836 0.31947614 0.92074842
site 463.169567 -453.834794 44.809950 0.16939009 0.26655690 0.94881738
site 466.732410 -457.325831 45.154642 0.11370961 0.21188745 0.97065639
site 470.295253 -460.816868 45.499333 0.05728251 0.15582674 0.98612207
site 473.858096 -464.307905 45.844025 0.00047929 0.09874287 0.99511287
site 477.420939 -467.798942 46.188717 -0.05632707 0.04101066 0.99756974
site 480.983781 -471.289979 46.533409 -0.11276359 -0.01699083 0.99347656
site 484.546624 -474.781015 46.878101 -0.16845970 -0.07488075 0.98286021
site 488.109467 -478.272052 47.222793 -0.22304971 -0.13227901 0.96579040
site 491.672310 -481.763089 47.567485 -0.27617517 -0.18880873 0.94237919
site 495.235153 -485.254126 47.912177 -0.32748726 -0.24409872 0.91278032
site 498.797996 -488.745163 48.256869 -0.37664907 -0.29778596 0.87718812
site 502.360838 -492.236200 48.601561 -0.42333780 -0.34951794 0.83583630
site 505.923681 -495.727237 48.946253 -0.46724688 -0.39895498 0.78899637
site 509.486524 -499.218274 49.290945 -0.50808803 -0.44577247 0.73697589
site 513.049367 -502.709310 49.635637 -0.54559306 -0.48966302 0.68011641
site 516.612210 -506.200347 49.980328 -0.57951572 -0.53033845 0.61879129
site 520.175052 -509.691384 50.325020 -0.60963328 -0.56753166 0.55340318
site 523.737895 -513.182421 50.669712 -0.63574798 -0.60099846 0.48438142
site 527.300738 -516.673458 51.014404 -0.65768836 -0.63051909 0.41217921
site 530.863581 -520.164495 51.359096 -0.67531035 -0.65589974 0.33727062
site 534.426424 -523.655532 51.703788 -0.68849824 -0.67697374 0.26014752
site 537.989267 -527.146569 52.048480 -0.69716545 -0.69360272 0.18131628
site 541.552109 -530.637605 52.393172 -0.70125507 -0.70567751 0.10129452
site 545.114952 -534.128642 52.737864 -0.70074024 -0.71311881 0.02060766
site 548.677795 -537.619679 53.082556 -0.69562435 -0.71587777 -0.06021451
site 552.240638 -541.110716 53.427248 -0.68594098 -0.71393626 -0.14064132
site 555.803481 -544.601753 53.771940 -0.67175372 -0.70730705 -0.22014467
site 559.366324 -548.092790 54.116631 -0.65315572 -0.69603366 -0.29820255
site 562.929166 -551.583827 54.461323 -0.63026909 -0.68019010 -0.37430243
site 566.492009 -555.074864 54.806015 -0.60324411 -0.65988041 -0.44794463
site 570.054852 -558.565900 55.150707 -0.57225822 -0.63523794 -0.51864563
site 573.617695 -562.056937 55.495399 -0.53751489 -0.60642449 -0.58594120
site 577.180538 -565.547974 55.840091 -0.49924222 -0.57362925 -0.64938947
site 580.743381 -569.039011 56.184783 -0.45769153 -0.53706756 -0.70857385
site 584.306223 -572.530048 56.529475 -0.41313563 -0.49697948 -0.76310572
site 587.869066 -576.021085 56.874167 -0.36586708 -0.45362823 -0.81262704
site 591.431909 -579.512122 57.218859 -0.31619625 -0.40729845 -0.85681264
site 594.994752 -583.003159 57.563551 -0.26444926 -0.35829435 -0.89537241
site 598.557595 -586.494195 57.908243 -0.21096591 -0.30693769 -0.92805315
site 602.120437 -589.985232 58.252935 -0.15609734 -0.25356567 -0.95464028
site 605.683280 -593.476269 58.597626 -0.10020384 -0.19852873 -0.97495925
site 609.246123 -596.967306 58.942318 -0.04365241 -0.14218826 -0.98887662
site 612.808966 -600.458343 59.287010 0.01318565 -0.08491417 -0.99630102
site 616.371809 -603.949380 59.631702 0.06993714 -0.02708254 -0.99718370
site 619.934652 -607.440417 59.976394 0.12622941 0.03092692 -0.99151887
site 623.497494 -610.931454 60.321086 0.18169286 0.08873331 -0.97934371
site 627.060337 -614.422491 60.665778 0.23596332 0.14595707 -0.96073818
site 630.623180 -617.913527 61.010470 0.28868444 0.20222249 -0.93582443
site 634.186023 -621.404564 61.355162 0.33951005 0.25716010 -0.90476605
site 637.748866 -624.895601 61.699854 0.38810644 0.31040920 -0.86776697
site 641.311709 -628.386638 62.044546 0.43415452 0.36162016 -0.82507013
site 644.874551 -631.877675 62.389238 0.47735193 0.41045671 -0.77695587
site 648.437394 -635.368712 62.733929 0.51741505 0.45659820 -0.72374011
site 652.000237 -638.859749 63.078621 0.55408082 0.49974166 -0.66577227
site 655.563080 -642.350786 63.423313 0.58710849 0.53960382 -0.60343296
site 659.125923 -645.841822 63.768005 0.61628121 0.57592293 -0.53713151
site 662.688765 -649.332859 64.112697 0.64140741 0.60846053 -0.46730325
site 666.251608 -652.823896 64.457389 0.66232213 0.63700297 -0.39440667
site 669.814451 -656.314933 64.802081 0.67888803 0.66136284 -0.31892041
site 673.377294 -659.805970 65.146773 0.69099636 0.68138020 -0.24134012
site 676.940137 -663.297007 65.491465 0.69856759 0.69692362 -0.16217519
site 680.502980 -666.788044 65.836157 0.70155203 0.70789103 -0.08194542
site 684.065822 -670.279081 66.180849 0.69993006 0.71421042 -0.00117759
site 687.628665 -673.770117 66.525541 0.69371236 0.71584030 0.07959797
site 691.191508 -677.261154 66.870233 0.68293973 0.71276996 0.15985089
site 694.754351 -680.752191 67.214924 0.66768291 0.70501958 0.23905423
site 698.317194 -684.243228 67.559616 0.64804209 0.69264003 0.31668794
site 701.880037 -687.734265 67.904308 0.62414621 0.67571260 0.39224227
site 705.442879 -691.225302 68.249000 0.59615219 0.65434843 0.46522113
site 709.005722 -694.716339 68.593692 0.56424382 0.62868781 0.53514535
site 712.568565 -698.207376 68.938384 0.52863063 0.59889922 0.60155580
site 716.131408 -701.698412 69.283076 0.48954644 0.56517825 0.66401643
site 719.694251 -705.189449 69.627768 0.44724789 0.52774632 0.72211713
site 723.257094 -708.680486 69.972460 0.40201270 0.48684920 0.77547639
site 726.819936 -712.171523 70.317152 0.35413790 0.44275543 0.82374388
site 730.382779 -715.662560 70.661844 0.30393782 0.39575452 0.86660265
site 733.945622 -719.153597 71.006536 0.25174209 0.34615509 0.90377131
site 737.508465 -722.644634 71.351228 0.19789342 0.29428279 0.93500579
site 741.071308 -726.135671 71.695919 0.14274537 0.24047824 0.96010102
site 744.634150 -729.626707 72.040611 0.08666006 0.18509470 0.97889222
site 748.196993 -733.117744 72.385303 0.03000574 0.12849583 0.99125601
site 751.759836 -736.608781 72.729995 -0.02684560 0.07105325 0.99711120
site 755.322679 -740.099818 73.074687 -0.08352067 0.01314414 0.99641935
site 758.885522 -743.590855 73.419379 -0.13964735 -0.04485128 0.98918501
site 762.448365 -747.081892 73.764071 -0.19485709 -0.10255220 0.97545567
site 766.011207 -750.572929 74.108763 -0.24878741 -0.15957976 0.95532148
site 769.574050 -754.063966 74.453455 -0.30108418 -0.21555953 0.92891464
site 773.136893 -757.555003 74.798147 -0.35140404 -0.27012392 0.89640854
site 776.699736 -761.046039 75.142839 -0.39941657 -0.32291468 0.85801661
site 780.262579 -764.537076 75.487531 -0.44480653 -0.37358518 0.81399095
site 783.825422 -768.028113 75.832222 -0.48727589 -0.42180272 0.76462061
site 787.388264 -771.519150 76.176914 -0.52654579 -0.46725070 0.71022976
site 790.951107 -775.010187 76.521606 -0.56235839 -0.50963071 0.65117554
site 794.513950 -778.501224 76.866298 -0.59447853 -0.54866447 0.58784570
site 798.076793 -781.992261 77.210990 -0.62269533 -0.58409570 0.52065606
site 801.639636 -785.483298 77.555682 -0.64682350 -0.61569176 0.45004779
site 805.202478 -788.974334 77.900374 -0.66670463 -0.64324518 0.37648450
site 808.765321 -792.465371 78.245066 -0.68220817 -0.66657504 0.30044921
site 812.328164 -795.956408 78.589758 -0.69323232 -0.68552817 0.22244117
site 815.891007 -799.447445 78.934450 -0.69970471 -0.69998012 0.14297258
site 819.453850 -802.938482 79.279142 -0.70158283 -0.70983599 0.06256523
site 823.016693 -806.429519 79.623834 -0.69885435 -0.71503107 -0.01825293
site 826.579535 -809.920556 79.968526 -0.69153719 -0.71553125 -0.09895124
site 830.142378 -813.411593 80.313217 -0.67967939 -0.71133325 -0.17899983
site 833.705221 -816.902629 80.657909 -0.66335880 -0.70246463 -0.25787310
site 837.268064 -820.393666 81.002601 -0.64268261 -0.68898362 -0.33505318
site 840.830907 -823.884703 81.347293 -0.61778655 -0.67097874 -0.41003330
site 844.393750 -827.375740 81.691985 -0.58883410 -0.64856821 -0.48232114
site 847.956592 -830.866777 82.036677 -0.55601536 -0.62189917 -0.55144205
site 851.519435 -834.357814 82.381369 -0.51954582 -0.59114674 -0.61694219
site 855.082278 -837.848851 82.726061 -0.47966494 -0.55651284 -0.67839148
site 858.645121 -841.339888 83.070753 -0.43663457 -0.51822487 -0.73538645
site 862.207964 -844.830924 83.415445 -0.39073726 -0.47653423 -0.78755287
site 865.770807 -848.321961 83.760137 -0.34227437 -0.43171466 -0.83454821
site 869.333649 -851.812998 84.104829 -0.29156410 -0.38406045 -0.87606390
site 872.896492 -855.304035 84.449520 -0.23893941 -0.33388450 -0.91182734
site 876.459335 -858.795072 84.794212 -0.18474585 -0.28151626 -0.94160372
site 880.022178 -862.286109 85.138904 -0.12933925 -0.22729958 -0.96519752
site 883.585021 -865.777146 85.483596 -0.07308340 -0.17159045 -0.98245383
site 887.147863 -869.268183 85.828288 -0.01634769 -0.11475465 -0.99325934
site 890.710706 -872.759219 86.172980 0.04049536 -0.05716538 -0.99754310
site 894.273549 -876.250256 86.517672 0.09707252 0.00079925 -0.99527699
site 897.836392 -879.741293 86.862364 0.15301230 0.05875862 -0.98647588
site 901.399235 -883.232330 87.207056 0.20794740 0.11633219 -0.97119756
site 904.962078 -886.723367 87.551748 0.26151712 0.17314191 -0.94954235
site 908.524920 -890.214404 87.896440 0.31336971 0.22881479 -0.92165244
site 912.087763 -893.705441 88.241132 0.36316471 0.28298527 -0.88771095
site 915.650606 -897.196478 88.585824 0.41057517 0.33529766 -0.84794074
site 919.213449 -900.687515 88.930515 0.45528980 0.38540848 -0.80260295
site 922.776292 -904.178551 89.275207 0.49701498 0.43298872 -0.75199527
site 926.339135 -907.669588 89.619899 0.53547676 0.47772594 -0.69644997
site 929.901977 -911.160625 89.964591 0.57042260 0.51932641 -0.63633178
site 933.464820 -914.651662 90.309283 0.60162304 0.55751698 -0.57203543
site 937.027663 -918.142699 90.653975 0.62887322 0.59204689 -0.50398309
site 940.590506 -921.633736 90.998667 0.65199421 0.62268942 -0.43262160
site 944.153349 -925.124773 91.343359 0.67083420 0.64924336 -0.35841950
site 947.716191 -928.615810 91.688051 0.68526949 0.67153436 -0.28186403
site 951.279034 -932.106846 92.032743 0.69520529 0.68941607 -0.20345783
site 954.841877 -935.597883 92.377435 0.70057637 0.70277106 -0.12371572
site 958.404720 -939.088920 92.722127 0.70134746 0.71151166 -0.04316130
site 961.967563 -942.579957 93.066818 0.69751350 0.71558046 0.03767652
site 965.530406 -946.070994 93.411510 0.68909966 0.71495076 0.11826696
site 969.093248 -949.562031 93.756202 0.67616119 0.70962668 0.19808085
site 972.656091 -953.053068 94.100894 0.65878303 0.69964319 0.27659414
site 976.218934 -956.544105 94.445586 0.63707931 0.68506584 0.35329132
site 979.781777 -960.035141 94.790278 0.61119251 0.66599034 0.42766878
site 983.344620 -963.526178 95.134970 0.58129262 0.64254194 0.49923817
site 986.907463 -967.017215 95.479662 0.54757596 0.61487461 0.56752955
site 990.470305 -970.508252 95.824354 0.51026391 0.58317000 0.63209453
site 994.033148 -973.999289 96.169046 0.46960146 0.54763630 0.69250917
site 997.595991 -977.490326 96.513738 0.42585561 0.50850681 0.74837679
site 1001.158834 -980.981363 96.858430 0.37931358 0.46603847 0.79933057
site 1004.721677 -984.472400 97.203122 0.33028098 0.42051011 0.84503593
site 1008.284520 -987.963436 97.547813 0.27907976 0.37222067 0.88519278
site 1011.847362 -991.454473 97.892505 0.22604609 0.32148724 0.91953745
site 1015.410205 -994.945510 98.237197 0.17152820 0.26864292 0.94784443
site 1018.973048 -998.436547 98.581889 0.11588406 0.21403468 0.96992785
site 1022.535891 -1001.927584 98.926581 0.05947902 0.15802110 0.98564272
site 1026.098734 -1005.418621 99.271273 0.00268344 0.10096994 0.99488586
site 1029.661576 -1008.909658 99.615965 -0.05412976 0.04325582 0.99759656
site 1033.224419 -1012.400695 99.960657 -0.11058754 -0.01474233 0.99375704
site 1036.787262 -1015.891731 100.305349 -0.16631921 -0.07264367 0.98339250
site 1040.350105 -1019.382768 100.650041 -0.22095882 -0.13006804 0.96657100
site 1043.912948 -1022.873805 100.994733 -0.27414761 -0.18663838 0.94340299
site 1047.475791 -1026.364842 101.339425 -0.32553635 -0.24198324 0.91404059
site 1051.038633 -1029.855879 101.684116 -0.37478761 -0.29573925 0.87867659
site 1054.601476 -1033.346916 102.028808 -0.42157801 -0.34755343 0.83754319
site 1058.164319 -1036.837953 102.373500 -0.46560034 -0.39708557 0.79091047
site 1061.727162 -1040.328990 102.718192 -0.50656552 -0.44401044 0.73908464
site 1065.290005 -1043.820027 103.062884 -0.54420459 -0.48801994 0.68240596
site 1068.852848 -1047.311063 103.407576 -0.57827041 -0.52882509 0.62124661


===== clc-E44-R5011-2.62wt.txt =====
301
Director field of a model cholesteric film (E44 + 2.62 wt% R5011); site x y z (nm) nx ny nz (unit director)
site -0.000000 -0.000000 0.000000 -0.85094112 0.52519507 -0.00832744
site -2.520419 -4.060371 1.469990 -0.86065910 0.50066218 -0.09275389
site -5.040838 -8.120743 2.939980 -0.86364318 0.47221205 -0.17645462
site -7.561258 -12.181114 4.409970 -0.85987001 0.44006727 -0.25877474
site -10.081677 -16.241486 5.879960 -0.84936910 0.40447935 -0.33907018
site -12.602096 -20.301857 7.349950 -0.83222262 0.36572673 -0.41671269
site -15.122515 -24.362229 8.819940 -0.80856473 0.32411261 -0.49109479
site -17.642934 -28.422600 10.289930 -0.77858052 0.27996260 -0.56163450
site -20.163354 -32.482972 11.759920 -0.74250460 0.23362213 -0.62777991
site -22.683773 -36.543343 13.229910 -0.70061923 0.18545377 -0.68901350
site -25.204192 -40.603715 14.699900 -0.65325212 0.13583439 -0.74485615
site -27.724611 -44.664086 16.169890 -0.60077389 0.08515223 -0.79487095
site -30.245030 -48.724457 17.639880 -0.54359513 0.03380382 -0.83866658
site -32.765450 -52.784829 19.109871 -0.48216321 -0.01780907 -0.87590038
site -35.285869 -56.845200 20.579861 -0.41695878 -0.06928262 -0.90628102
site -37.806288 -60.905572 22.049851 -0.34849202 -0.12021409 -0.92957081
site -40.326707 -64.965943 23.519841 -0.27729861 -0.17020499 -0.94558751
site -42.847126 -69.026315 24.989831 -0.20393558 -0.21886419 -0.95420582
site -45.367546 -73.086686 26.459821 -0.12897693 -0.26581097 -0.95535830
site -47.887965 -77.147058 27.929811 -0.05300915 -0.31067800 -0.94903594
site -50.408384 -81.207429 29.399801 0.02337338 -0.35311426 -0.93528819
site -52.928803 -85.267801 30.869791 0.09957304 -0.39278770 -0.91422264
site -55.449222 -89.328172 32.339781 0.17499362 -0.42938792 -0.88600409
site -57.969642 -93.388543 33.809771 0.24904503 -0.46262856 -0.85085333
site -60.490061 -97.448915 35.279761 0.32114788 -0.49224953 -0.80904539
site -63.010480 -101.509286 36.749751 0.39073803 -0.51801908 -0.76090737
site -65.530899 -105.569658 38.219741 0.45727099 -0.53973558 -0.70681592
site -68.051318 -109.630029 39.689731 0.52022621 -0.55722912 -0.64719425
site -70.571738 -113.690401 41.159721 0.57911111 -0.57036283 -0.58250885
site -73.092157 -117.750772 42.629711 0.63346497 -0.57903395 -0.51326583
site -75.612576 -121.811144 44.099701 0.68286253 -0.58317464 -0.44000695
site -78.132995 -125.871515 45.569691 0.72691727 -0.58275249 -0.36330540
site -80.653414 -129.931886 47.039681 0.76528453 -0.57777081 -0.28376130
site -83.173834 -133.992258 48.509671 0.79766410 -0.56826858 -0.20199702
site -85.694253 -138.052629 49.979661 0.82380265 -0.55432015 -0.11865229
site -88.214672 -142.113001 51.449651 0.84349566 -0.53603464 -0.03437920
site -90.735091 -146.173372 52.919641 0.85658906 -0.51355513 0.05016287
site -93.255510 -150.233744 54.389632 0.86298039 -0.48705750 0.13431246
site -95.775930 -154.294115 55.859622 0.86261966 -0.45674907 0.21741117
site -98.296349 -158.354487 57.329612 0.85550967 -0.42286698 0.29880883
site -100.816768 -162.414858 58.799602 0.84170608 -0.38567632 0.37786857
site -103.337187 -166.475230 60.269592 0.82131686 -0.34546808 0.45397182
site -105.857606 -170.535601 61.739582 0.79450156 -0.30255686 0.52652313
site -108.378026 -174.595972 63.209572 0.76146998 -0.25727839 0.59495487
site -110.898445 -178.656344 64.679562 0.72248056 -0.20998695 0.65873160
site -113.418864 -182.716715 66.149552 0.67783837 -0.16105253 0.71735433
site -115.939283 -186.777087 67.619542 0.62789267 -0.11085803 0.77036439
site -118.459702 -190.837458 69.089532 0.57303427 -0.05979616 0.81734702
site -120.980122 -194.897830 70.559522 0.51369237 -0.00826643 0.85793462
site -123.500541 -198.958201 72.029512 0.45033128 0.04332797 0.89180963
site -126.020960 -203.018573 73.499502 0.38344674 0.09458337 0.91870702
site -128.541379 -207.078944 74.969492 0.31356206 0.14509874 0.93841632
site -131.061798 -211.139316 76.439482 0.24122404 0.19447884 0.95078333
site -133.582218 -215.199687 77.909472 0.16699865 0.24233731 0.95571130
site -136.102637 -219.260058 79.379462 0.09146663 0.28829970 0.95316165
site -138.623056 -223.320430 80.849452 0.01521898 0.33200640 0.94315435
site -141.143475 -227.380801 82.319442 -0.06114776 0.37311544 0.92576769
site -143.663894 -231.441173 83.789432 -0.13703606 0.41130517 0.90113771
site -146.184314 -235.501544 85.259422 -0.21185218 0.44627681 0.86945711
site -148.704733 -239.561916 86.729412 -0.28501074 0.47775671 0.83097377
site -151.225152 -243.622287 88.199402 -0.35593934 0.50549859 0.78598878
site -153.745571 -247.682659 89.669392 -0.42408303 0.52928538 0.73485412
site -156.265990 -251.743030 91.139383 -0.48890863 0.54893097 0.67796986
site -158.786410 -255.803402 92.609373 -0.54990895 0.56428166 0.61578109
site -161.306829 -259.863773 94.079363 -0.60660672 0.57521734 0.54877436
site -163.827248 -263.924144 95.549353 -0.65855832 0.58165245 0.47747395
site -166.347667 -267.984516 97.019343 -0.70535727 0.58353663 0.40243773
site -168.868086 -272.044887 98.489333 -0.74663742 0.58085514 0.32425278
site -171.388506 -276.105259 99.959323 -0.78207578 0.57362898 0.24353084
site -173.908925 -280.165630 101.429313 -0.81139508 0.56191466 0.16090348
site -176.429344 -284.226002 102.899303 -0.83436593 0.54580386 0.07701720
site -178.949763 -288.286373 104.369293 -0.85080858 0.52542262 -0.00747168
site -181.470182 -292.346745 105.839283 -0.86059441 0.50093040 -0.09190210
site -183.990602 -296.407116 107.309273 -0.86364683 0.47251884 -0.17561347
site -186.511021 -300.467487 108.779263 -0.85994198 0.44041023 -0.25795082
site -189.031440 -304.527859 110.249253 -0.84950882 0.40485580 -0.33826992
site -191.551859 -308.588230 111.719243 -0.83242901 0.36613372 -0.41594236
site -194.072278 -312.648602 113.189233 -0.80883616 0.32454697 -0.49036041
site -196.592698 -316.708973 114.659223 -0.77891487 0.28042092 -0.56094182
site -199.113117 -320.769345 116.129213 -0.74289926 0.23410083 -0.62713435
site -201.633536 -324.829716 117.599203 -0.70107111 0.18594909 -0.68842010
site -204.153955 -328.890088 119.069193 -0.65375769 0.13634247 -0.74431957
site -206.674374 -332.950459 120.539183 -0.60132918 0.08566909 -0.79439538
site -209.194794 -337.010831 122.009173 -0.54419580 0.03432542 -0.83825575
site -211.715213 -341.071202 123.479163 -0.48280456 -0.01728682 -0.87555749
site -214.235632 -345.131573 124.949153 -0.41763580 -0.06876380 -0.90600876
site -216.756051 -349.191945 126.419144 -0.34919941 -0.11970276 -0.92937131
site -219.276470 -353.252316 127.889134 -0.27803083 -0.16970516 -0.94546233
site -221.796890 -357.312688 129.359124 -0.20468690 -0.21837976 -0.95415594
site -224.317309 -361.373059 130.829114 -0.12974148 -0.26534572 -0.95538411
site -226.837728 -365.433431 132.299104 -0.05378094 -0.31023559 -0.94913723
site -229.358147 -369.493802 133.769094 0.02260038 -0.35269814 -0.93546419
site -231.878566 -373.554174 135.239084 0.09880488 -0.39240113 -0.91447195
site -234.398986 -377.614545 136.709074 0.17423631 -0.42903393 -0.88632477
site -236.919405 -381.674917 138.179064 0.24830450 -0.46230991 -0.85124287
site -239.439824 -385.735288 139.649054 0.32042992 -0.49196872 -0.80950074
site -241.960243 -389.795659 141.119044 0.39004826 -0.51777830 -0.76142497
site -244.480662 -393.856031 142.589034 0.45661481 -0.53953672 -0.70739172
site -247.001082 -397.916402 144.059024 0.51960875 -0.55707374 -0.64782374
site -249.521501 -401.976774 145.529014 0.57853720 -0.57025214 -0.58318711
site -252.041920 -406.037145 146.999004 0.63293911 -0.57896882 -0.51398755
site -254.562339 -410.097517 148.468994 0.68238881 -0.58315557 -0.44076648
site -257.082758 -414.157888 149.938984 0.72649943 -0.58277963 -0.36409680
site -259.603178 -418.218260 151.408974 0.76492582 -0.57784396 -0.28457839
site -262.123597 -422.278631 152.878964 0.79736733 -0.56838716 -0.20283339
site -264.644016 -426.339003 154.348954 0.82357014 -0.55448322 -0.11950140
site -267.164435 -430.399374 155.818944 0.84332923 -0.53624094 -0.03523442
site -269.684854 -434.459745 157.288934 0.85649000 -0.51380305 0.04930824
site -272.205274 -438.520117 158.758924 0.86294949 -0.48734509 0.13346511
site -274.725693 -442.580488 160.228914 0.86265716 -0.45707408 0.21657773
site -277.246112 -446.640860 161.698905 0.85561528 -0.42322687 0.29799582
site -279.766531 -450.701231 163.168895 0.84187896 -0.38606828 0.37708235
site -282.286950 -454.761603 164.638885 0.82155568 -0.34588903 0.45321854
site -284.807370 -458.821974 166.108875 0.79480443 -0.30300351 0.52580869
site -287.327789 -462.882346 167.578865 0.76183454 -0.25774725 0.59428485
site -289.848208 -466.942717 169.048855 0.72290396 -0.21047435 0.65811125
site -292.368627 -471.003088 170.518845 0.67831728 -0.16155467 0.71678850
site -294.889046 -475.063460 171.988835 0.62842337 -0.11137096 0.76985751
site -297.409466 -479.123831 173.458825 0.57361259 -0.06031587 0.81690305
site -299.929885 -483.184203 174.928815 0.51431379 -0.00878886 0.85755704
site -302.450304 -487.244574 176.398805 0.45099094 0.04280691 0.89150140
site -304.970723 -491.304946 177.868795 0.38413947 0.09406776 0.91847053
site -307.491142 -495.365317 179.338785 0.31428245 0.14459261 0.93825344
site -310.011562 -499.425689 180.808775 0.24196644 0.19398614 0.95069533
site -312.531981 -503.486060 182.278765 0.16775726 0.24186191 0.95569886
site -315.052400 -507.546432 183.748755 0.09223553 0.28784532 0.95322489
site -317.572819 -511.606803 185.218745 0.01599213 0.33157658 0.94329275
site -320.093238 -515.667174 186.688735 -0.06037640 0.37271355 0.92598018
site -322.613658 -519.727546 188.158725 -0.13627253 0.41093437 0.90142262
site -325.134077 -523.787917 189.628715 -0.21110245 0.44593998 0.86981222
site -327.654496 -527.848289 191.098705 -0.28428067 0.47745650 0.83139629
site -330.174915 -531.908660 192.568695 -0.35523465 0.50523734 0.78647542
site -332.695335 -535.969032 194.038685 -0.42340922 0.52906513 0.73540106
site -335.215754 -540.029403 195.508675 -0.48827099 0.54875346 0.67857283
site -337.736173 -544.089775 196.978665 -0.54931247 0.56414827 0.61643536
site -340.256592 -548.150146 198.448656 -0.60605605 0.57512911 0.54947482
site -342.777011 -552.210518 199.918646 -0.65805777 0.58161007 0.47821512
site -345.297431 -556.270889 201.388636 -0.70491077 0.58354043 0.40321380
site -347.817850 -560.331260 202.858626 -0.74624846 0.58090510 0.32505769
site -350.338269 -564.391632 204.328616 -0.78174740 0.57372470 0.24435828
site -352.858688 -568.452003 205.798606 -0.81112985 0.56205540 0.16174699
site -355.379107 -572.512375 207.268596 -0.83416592 0.54598851 0.07787017
site -357.899527 -576.572746 208.738586 -0.85067537 0.52564974 -0.00661592
site -360.419946 -580.633118 210.208576 -0.86052902 0.50119821 -0.09105025
site -362.940365 -584.693489 211.678566 -0.86364979 0.47282525 -0.17477219
site -365.460784 -588.753861 213.148556 -0.86001326 0.44075284 -0.25712668
site -367.981203 -592.814232 214.618546 -0.84964787 0.40523193 -0.33746939
site -370.501623 -596.874604 216.088536 -0.83263472 0.36654043 -0.41517169
site -373.022042 -600.934975 217.558526 -0.80910694 0.32498107 -0.48962564
site -375.542461 -604.995346 219.028516 -0.77924860 0.28087902 -0.56024869
site -378.062880 -609.055718 220.498506 -0.74329332 0.23457933 -0.62648828
site -380.583299 -613.116089 221.968496 -0.70152242 0.18644427 -0.68782616
site -383.103719 -617.176461 223.438486 -0.65426272 0.13685044 -0.74378239
site -385.624138 -621.236832 224.908476 -0.60188399 0.08618588 -0.79391918
site -388.144557 -625.297204 226.378466 -0.54479604 0.03484699 -0.83784424
site -390.664976 -629.357575 227.848456 -0.48344553 -0.01676455 -0.87521390
site -393.185395 -633.417947 229.318446 -0.41831249 -0.06824492 -0.90573577
site -395.705815 -637.478318 230.788436 -0.34990652 -0.11919134 -0.92917106
site -398.226234 -641.538689 232.258426 -0.27876283 -0.16920518 -0.94533639
site -400.746653 -645.599061 233.728417 -0.20543807 -0.21789515 -0.95410529
site -403.267072 -649.659432 235.198407 -0.13050593 -0.26488027 -0.95540915
site -405.787491 -653.719804 236.668397 -0.05455270 -0.30979294 -0.94923777
site -408.307911 -657.780175 238.138387 0.02182736 -0.35228174 -0.93563943
site -410.828330 -661.840547 239.608377 0.09803664 -0.39201425 -0.91472053
site -413.348749 -665.900918 241.078367 0.17347886 -0.42867960 -0.88664474
site -415.869168 -669.961290 242.548357 0.24756377 -0.46199089 -0.85163172
site -418.389587 -674.021661 244.018347 0.31971171 -0.49168752 -0.80995544
site -420.910007 -678.082033 245.488337 0.38935818 -0.51753711 -0.76194196
site -423.430426 -682.142404 246.958327 0.45595826 -0.53933743 -0.70796695
site -425.950845 -686.202775 248.428317 0.51899087 -0.55691791 -0.64845271
site -428.471264 -690.263147 249.898307 0.57796283 -0.57014099 -0.58386490
site -430.991683 -694.323518 251.368297 0.63241273 -0.57890321 -0.51470886
site -433.512103 -698.383890 252.838287 0.68191456 -0.58313603 -0.44152566
site -436.032522 -702.444261 254.308277 0.72608100 -0.58280631 -0.36488792
site -438.552941 -706.504633 255.778267 0.76456649 -0.57791664 -0.28539525
site -441.073360 -710.565004 257.248257 0.79706991 -0.56850528 -0.20366960
site -443.593779 -714.625376 258.718247 0.82333696 -0.55464586 -0.12035042
site -446.114199 -718.685747 260.188237 0.84316211 -0.53644682 -0.03608961
site -448.634618 -722.746119 261.658227 0.85639026 -0.51405055 0.04845358
site -451.155037 -726.806490 263.128217 0.86291790 -0.48763229 0.13261766
site -453.675456 -730.866861 264.598207 0.86269397 -0.45739873 0.21574412
site -456.195875 -734.927233 266.068197 0.85572020 -0.42358642 0.29718257
site -458.716295 -738.987604 267.538187 0.84205117 -0.38645992 0.37629583
site -461.236714 -743.047976 269.008177 0.82179383 -0.34630971 0.45246490
site -463.757133 -747.108347 270.478168 0.79510667 -0.30344993 0.52509383
site -466.277552 -751.168719 271.948158 0.76219849 -0.25821591 0.59361436
site -468.797971 -755.229090 273.418148 0.72332677 -0.21096158 0.65749037
site -471.318391 -759.289462 274.888138 0.67879566 -0.16205667 0.71622210
site -473.838810 -763.349833 276.358128 0.62895356 -0.11188380 0.76935001
site -476.359229 -767.410205 277.828118 0.57419045 -0.06083553 0.81645843
site -478.879648 -771.470576 279.298108 0.51493479 -0.00931129 0.85717878
site -481.400067 -775.530947 280.768098 0.45165023 0.04228582 0.89119245
site -483.920487 -779.591319 282.238088 0.38483189 0.09355207 0.91823332
site -486.440906 -783.651690 283.708078 0.31500258 0.14408635 0.93808981
site -488.961325 -787.712062 285.178068 0.24270866 0.19349329 0.95060657
site -491.481744 -791.772433 286.648058 0.16851574 0.24138631 0.95568567
site -494.002163 -795.832805 288.118048 0.09300434 0.28739070 0.95328735
site -496.522583 -799.893176 289.588038 0.01676526 0.33114650 0.94343040
site -499.043002 -803.953548 291.058028 -0.05960499 0.37231137 0.92619193
site -501.563421 -808.013919 292.528018 -0.13550888 0.41056323 0.90170681
site -504.083840 -812.074290 293.998008 -0.21035254 0.44560279 0.87016663
site -506.604259 -816.134662 295.467998 -0.28355037 0.47715590 0.83181815
site -509.124679 -820.195033 296.937988 -0.35452967 0.50497568 0.78696142
site -511.645098 -824.255405 298.407978 -0.42273508 0.52884447 0.73594740
site -514.165517 -828.315776 299.877968 -0.48763296 0.54857551 0.67917524
site -516.685936 -832.376148 301.347958 -0.54871554 0.56401442 0.61708913
site -519.206355 -836.436519 302.817948 -0.60550489 0.57504041 0.55017483
site -521.726775 -840.496891 304.287938 -0.65755670 0.58156722 0.47895589
site -524.247194 -844.557262 305.757929 -0.70446371 0.58354377 0.40398955
site -526.767613 -848.617634 307.227919 -0.74585890 0.58095460 0.32586233
site -529.288032 -852.678005 308.697909 -0.78141839 0.57381997 0.24518553
site -531.808451 -856.738376 310.167899 -0.81086397 0.56219569 0.16259037
site -534.328871 -860.798748 311.637889 -0.83396524 0.54617273 0.07872308
site -536.849290 -864.859119 313.107879 -0.85054147 0.52587644 -0.00576016
site -539.369709 -868.919491 314.577869 -0.86046295 0.50146563 -0.09019832
site -541.890128 -872.979862 316.047859 -0.86365206 0.47313128 -0.17393076
site -544.410547 -877.040234 317.517849 -0.86008385 0.44109510 -0.25630234
site -546.930967 -881.100605 318.987839 -0.84978623 0.40560773 -0.33666858
site -549.451386 -885.160977 320.457829 -0.83283977 0.36694684 -0.41440069
site -551.971805 -889.221348 321.927819 -0.80937707 0.32541491 -0.48889047
site -554.492224 -893.281720 323.397809 -0.77958171 0.28133689 -0.55955511
site -557.012643 -897.342091 324.867799 -0.74368679 0.23505765 -0.62584172
site -559.533063 -901.402462 326.337789 -0.70197318 0.18693930 -0.68723166
site -562.053482 -905.462834 327.807779 -0.65476724 0.13735830 -0.74324462
site -564.573901 -909.523205 329.277769 -0.60243832 0.08670260 -0.79344233
site -567.094320 -913.583577 330.747759 -0.54539584 0.03536853 -0.83743205
site -569.614739 -917.643948 332.217749 -0.48408612 -0.01624227 -0.87486960
site -572.135159 -921.704320 333.687739 -0.41898884 -0.06772599 -0.90546206
site -574.655578 -925.764691 335.157729 -0.35061335 -0.11867982 -0.92897007
site -577.175997 -929.825063 336.627719 -0.27949461 -0.16870507 -0.94520969
site -579.696416 -933.885434 338.097709 -0.20618907 -0.21741036 -0.95405388
site -582.216835 -937.945806 339.567699 -0.13127028 -0.26441460 -0.95543343
site -584.737255 -942.006177 341.037689 -0.05532441 -0.30935003 -0.94933754
site -587.257674 -946.066548 342.507680 0.02105432 -0.35186506 -0.93581392
site -589.778093 -950.126920 343.977670 0.09726832 -0.39162706 -0.91496837
site -592.298512 -954.187291 345.447660 0.17272128 -0.42832492 -0.88696399
site -594.818931 -958.247663 346.917650 0.24682285 -0.46167151 -0.85201990
site -597.339351 -962.308034 348.387640 0.31899324 -0.49140592 -0.81040949
site -599.859770 -966.368406 349.857630 0.38866779 -0.51729551 -0.76245833
site -602.380189 -970.428777 351.327620 0.45530135 -0.53913771 -0.70854161
site -604.900608 -974.489149 352.797610 0.51837258 -0.55676163 -0.64908116
site -607.421027 -978.549520 354.267600 0.57738799 -0.57002938 -0.58454222
site -609.941447 -982.609891 355.737590 0.63188585 -0.57883715 -0.51542975
site -612.461866 -986.670263 357.207580 0.68143975 -0.58311602 -0.44228449
site -614.982285 -990.730634 358.677570 0.72566198 -0.58283252 -0.36567874
site -617.502704 -994.791006 360.147560 0.76420654 -0.57798886 -0.28621188
site -620.023123 -998.851377 361.617550 0.79677186 -0.56862294 -0.20450565
site -622.543543 -1002.911749 363.087540 0.82310312 -0.55480805 -0.12119935
site -625.063962 -1006.972120 364.557530 0.84299433 -0.53665226 -0.03694477
site -627.584381 -1011.032492 366.027520 0.85628983 -0.51429764 0.04759887
site -630.104800 -1015.092863 367.497510 0.86288562 -0.48791909 0.13177010
site -632.625219 -1019.153235 368.967500 0.86273009 -0.45772300 0.21491033
site -635.145639 -1023.213606 370.437490 0.85582444 -0.42394563 0.29636908
site -637.666058 -1027.273977 371.907480 0.84222271 -0.38685126 0.37550901
site -640.186477 -1031.334349 373.377470 0.82203133 -0.34673010 0.45171090
site -642.706896 -1035.394720 374.847460 0.79540826 -0.30389609 0.52437854
site -645.227315 -1039.455092 376.317450 0.76256183 -0.25868436 0.59294339
site -647.747735 -1043.515463 377.787441 0.72374901 -0.21144865 0.65686897
site -650.268154 -1047.575835 379.257431 0.67927349 -0.16255854 0.71565512
site -652.788573 -1051.636206 380.727421 0.62948324 -0.11239655 0.76884190
site -655.308992 -1055.696578 382.197411 0.57476784 -0.06135515 0.81601316
site -657.829411 -1059.756949 383.667401 0.51555539 -0.00983370 0.85679983
site -660.349831 -1063.817321 385.137391 0.45230916 0.04176468 0.89088278
site -662.870250 -1067.877692 386.607381 0.38552401 0.09303630 0.91799536
site -665.390669 -1071.938063 388.077371 0.31572247 0.14357999 0.93792543
site -667.911088 -1075.998435 389.547361 0.24345067 0.19300029 0.95051705
site -670.431507 -1080.058806 391.017351 0.16927409 0.24091053 0.95567170
site -672.951927 -1084.119178 392.487341 0.09377308 0.28693585 0.95334906
site -675.472346 -1088.179549 393.957331 0.01753839 0.33071615 0.94356729
site -677.992765 -1092.239921 395.427321 -0.05883353 0.37190889 0.92640293
site -680.513184 -1096.300292 396.897311 -0.13474513 0.41019177 0.90199028
site -683.033603 -1100.360664 398.367301 -0.20960247 0.44526525 0.87052034
site -685.554023 -1104.421035 399.837291 -0.28281985 0.47685492 0.83223934
site -688.074442 -1108.481407 401.307281 -0.35382441 0.50471362 0.78744679
site -690.594861 -1112.541778 402.777271 -0.42206060 0.52862337 0.73649316
site -693.115280 -1116.602149 404.247261 -0.48699454 0.54839711 0.67977712
site -695.635699 -1120.662521 405.717251 -0.54811817 0.56388012 0.61774241
site -698.156119 -1124.722892 407.187241 -0.60495325 0.57495126 0.55087440
site -700.676538 -1128.783264 408.657231 -0.65705511 0.58152391 0.47969629
site -703.196957 -1132.843635 410.127221 -0.70401608 0.58354664 0.40476497
site -705.717376 -1136.904007 411.597211 -0.74546874 0.58100363 0.32666672
site -708.237795 -1140.964378 413.067202 -0.78108876 0.57391477 0.24601258
site -710.758215 -1145.024750 414.537192 -0.81059744 0.56233553 0.16343361
site -713.278634 -1149.085121 416.007182 -0.83376390 0.54635650 0.07957592
site -715.799053 -1153.145493 417.477172 -0.85040689 0.52610272 -0.00490438
site -718.319472 -1157.205864 418.947162 -0.86039619 0.50173264 -0.08934632
site -720.839891 -1161.266235 420.417152 -0.86365363 0.47343693 -0.17308919
site -723.360311 -1165.326607 421.887142 -0.86015375 0.44143700 -0.25547780
site -725.880730 -1169.386978 423.357132 -0.84992391 0.40598321 -0.33586751
site -728.401149 -1173.447350 424.827122 -0.83304415 0.36735296 -0.41362935
site -730.921568 -1177.507721 426.297112 -0.80964656 0.32584848 -0.48815491
site -733.441987 -1181.568093 427.767102 -0.77991419 0.28179453 -0.55886108
site -735.962407 -1185.628464 429.237092 -0.74407967 0.23553578 -0.62519465
site -738.482826 -1189.688836 430.707082 -0.70242337 0.18743417 -0.68663661
site -741.003245 -1193.749207 432.177072 -0.65527123 0.13786606 -0.74270625
site -743.523664 -1197.809578 433.647062 -0.60299216 0.08721926 -0.79296485
site -746.044083 -1201.869950 435.117052 -0.54599520 0.03589004 -0.83701920
site -748.564503 -1205.930321 436.587042 -0.48472631 -0.01571998 -0.87452461
site -751.084922 -1209.990693 438.057032 -0.41966486 -0.06720701 -0.90518762
site -753.605341 -1214.051064 439.527022 -0.35131989 -0.11816820 -0.92876833
site -756.125760 -1218.111436 440.997012 -0.28022616 -0.16820483 -0.94508224


===== clc-E44-R5011-3.00wt.txt =====
301
Director field of a model cholesteric film (E44 + 3.00 wt% R5011 (model concentration)); site x y z (nm) nx ny nz (unit director)
site -0.000000 0.000000 0.000000 0.85327618 -0.13586155 0.50344950
site -1.547790 3.224827 3.493542 0.89134369 -0.05910137 0.44945907
site -3.095579 6.449655 6.987084 0.92026938 0.01826497 0.39085888
site -4.643369 9.674482 10.480626 0.93975657 0.09544398 0.32824996
site -6.191158 12.899310 13.974168 0.94960541 0.17164409 0.26227443
site -7.738948 16.124137 17.467710 0.94971488 0.24608378 0.19360895
site -9.286737 19.348964 20.961252 0.94008385 0.31799958 0.12295778
site -10.834527 22.573792 24.454794 0.92081112 0.38665391 0.05104552
site -12.382316 25.798619 27.948336 0.89209433 0.45134262 -0.02139027
site -13.930106 29.023447 31.441878 0.85422802 0.51140227 -0.09360668
site -15.477895 32.248274 34.935420 0.80760056 0.56621685 -0.16486304
site -17.025685 35.473102 38.428962 0.75269015 0.61522419 -0.23442852
site -18.573474 38.697929 41.922504 0.69005999 0.65792164 -0.30158965
site -20.121264 41.922756 45.416046 0.62035242 0.69387130 -0.36565761
site -21.669053 45.147584 48.909588 0.54428237 0.72270446 -0.42597531
site -23.216843 48.372411 52.403130 0.46263003 0.74412540 -0.48192410
site -24.764632 51.597239 55.896672 0.37623286 0.75791442 -0.53293017
site -26.312422 54.822066 59.390214 0.28597696 0.76393010 -0.57847038
site -27.860211 58.046893 62.883756 0.19278801 0.76211073 -0.61807768
site -29.408001 61.271721 66.377298 0.09762179 0.75247499 -0.65134582
site -30.955790 64.496548 69.870840 0.00145433 0.73512169 -0.67793362
site -32.503580 67.721376 73.364382 -0.09472804 0.71022881 -0.69756837
site -34.051369 70.946203 76.857924 -0.18993886 0.67805167 -0.71004871
site -35.599159 74.171031 80.351466 -0.28320163 0.63892027 -0.71524662
site -37.146948 77.395858 83.845008 -0.37355981 0.59323596 -0.71310880
site -38.694738 80.620685 87.338550 -0.46008668 0.54146729 -0.70365718
site -40.242527 83.845513 90.832092 -0.54189479 0.48414521 -0.68698868
site -41.790317 87.070340 94.325634 -0.61814511 0.42185762 -0.66327428
site -43.338106 90.295168 97.819176 -0.68805559 0.35524337 -0.63275718
site -44.885896 93.519995 101.312718 -0.75090922 0.28498566 -0.59575038
site -46.433685 96.744822 104.806260 -0.80606135 0.21180507 -0.55263343
site -47.981475 99.969650 108.299802 -0.85294634 0.13645216 -0.50384855
site -49.529264 103.194477 111.793344 -0.89108331 0.05969977 -0.44989608
site -51.077054 106.419305 115.286886 -0.92008112 -0.01766492 -0.39132937
site -52.624843 109.644132 118.780428 -0.93964238 -0.09484844 -0.32874910
site -54.172633 112.868960 122.273970 -0.94956645 -0.17105916 -0.26279710
site -55.720423 116.093787 125.767512 -0.94975155 -0.24551547 -0.19414980
site -57.268212 119.318614 129.261054 -0.94019578 -0.31745371 -0.12351126
site -58.816002 122.543442 132.754596 -0.92099716 -0.38613607 -0.05160595
site -60.363791 125.768269 136.248138 -0.89235257 -0.45085814 0.02082864
site -61.911581 128.993097 139.741680 -0.85455581 -0.51095610 0.09304960
site -63.459370 132.217924 143.235222 -0.80799454 -0.56581358 0.16431623
site -65.007160 135.442751 146.728764 -0.75314629 -0.61486794 0.23389759
site -66.554949 138.667579 150.222306 -0.69057360 -0.65761608 0.30108005
site -68.102739 141.892406 153.715848 -0.62091822 -0.69361956 0.36517456
site -69.650528 145.117234 157.209390 -0.54489457 -0.72250912 0.42552376
site -71.198318 148.342061 160.702932 -0.46328236 -0.74398847 0.48150869
site -72.746107 151.566889 164.196474 -0.37691862 -0.75783729 0.53255515
site -74.293897 154.791716 167.690016 -0.28668912 -0.76391357 0.57813961
site -75.841686 158.016543 171.183558 -0.19351926 -0.76215497 0.61779454
site -77.389476 161.241371 174.677100 -0.09836463 -0.75257954 0.65111322
site -78.937265 164.466198 178.170642 -0.00220115 -0.73528549 0.67775394
site -80.485055 167.691026 181.664184 0.09398491 -0.71045017 0.69744347
site -82.032844 170.915853 185.157726 0.18920703 -0.67832832 0.70997985
site -83.580634 174.140680 188.651268 0.28248861 -0.63924938 0.71523452
site -85.128423 177.365508 192.144810 0.37287292 -0.59361415 0.71315358
site -86.676213 180.590335 195.638352 0.45943296 -0.54189068 0.70375837
site -88.224002 183.815163 199.131894 0.54128095 -0.48460946 0.68714526
site -89.771792 187.039990 202.625436 0.61757744 -0.42235797 0.66348463
site -91.319581 190.264818 206.118978 0.68753991 -0.35577468 0.63301915
site -92.867371 193.489645 209.612520 0.75045082 -0.28554248 0.59606129
site -94.415160 196.714472 213.106062 0.80566493 -0.21238170 0.55299008
site -95.962950 199.939300 216.599604 0.85261597 -0.13704268 0.50424728
site -97.510739 203.164127 220.093146 0.89082237 -0.06029812 0.45033280
site -99.058529 206.388955 223.586688 0.91989230 0.01706487 0.39179961
site -100.606318 209.613782 227.080230 0.93952761 0.09425284 0.32924804
site -102.154108 212.838609 230.573772 0.94952691 0.17047413 0.26331962
site -103.701897 216.063437 234.067314 0.94978764 0.24494700 0.19469053
site -105.249687 219.288264 237.560856 0.94030714 0.31690763 0.12406466
site -106.797477 222.513092 241.054398 0.92118263 0.38561800 0.05216635
site -108.345266 225.737919 244.547940 0.89261026 0.45037337 -0.02026699
site -109.893056 228.962747 248.041482 0.85488308 0.51050961 -0.09249247
site -111.440845 232.187574 251.535024 0.80838802 0.56540995 -0.16376932
site -112.988635 235.412401 255.028566 0.75360195 0.61451132 -0.23336652
site -114.536424 238.637229 258.522108 0.69108677 0.65731012 -0.30057026
site -116.084214 241.862056 262.015651 0.62148365 0.69336740 -0.36469128
site -117.632003 245.086884 265.509193 0.54550644 0.72231334 -0.42507195
site -119.179793 248.311711 269.002735 0.46393440 0.74385107 -0.48109298
site -120.727582 251.536538 272.496277 0.37760415 0.75775970 -0.53217981
site -122.275372 254.761366 275.989819 0.28740109 0.76389657 -0.57780848
site -123.823161 257.986193 279.483361 0.19425039 0.76219874 -0.61751102
site -125.370951 261.211021 282.976903 0.09910741 0.75268363 -0.65088022
site -126.918740 264.435848 286.470445 0.00294797 0.73544883 -0.67757385
site -128.466530 267.660676 289.963987 -0.09324172 0.71067110 -0.69731813
site -130.014319 270.885503 293.457529 -0.18847509 0.67860456 -0.70991056
site -131.562109 274.110330 296.951071 -0.28177542 0.63957809 -0.71522198
site -133.109898 277.335158 300.444613 -0.37218580 0.59399197 -0.71319792
site -134.657688 280.559985 303.938155 -0.45877895 0.54231374 -0.70385914
site -136.205477 283.784813 307.431697 -0.54066677 0.48507341 -0.68730142
site -137.753267 287.009640 310.925239 -0.61700938 0.42285805 -0.66369458
site -139.301056 290.234467 314.418781 -0.68702380 0.35630577 -0.63328074
site -140.848846 293.459295 317.912323 -0.74999195 0.28609914 -0.59637182
site -142.396635 296.684122 321.405865 -0.80526802 0.21295820 -0.55334639
site -143.944425 299.908950 324.899407 -0.85228507 0.13763312 -0.50464570
site -145.492214 303.133777 328.392949 -0.89056089 0.06089644 -0.45076926
site -147.040004 306.358605 331.886491 -0.91970292 -0.01646480 -0.39226962
site -148.587793 309.583432 335.380033 -0.93941226 -0.09365718 -0.32974677
site -150.135583 312.808259 338.873575 -0.94948678 -0.16988899 -0.26384197
site -151.683372 316.033087 342.367117 -0.94982315 -0.24437838 -0.19523115
site -153.231162 319.257914 345.860659 -0.94041791 -0.31636137 -0.12461799
site -154.778951 322.482742 349.354201 -0.92136753 -0.38509968 -0.05272672
site -156.326741 325.707569 352.847743 -0.89286740 -0.44988833 0.01970533
site -157.874530 328.932396 356.341285 -0.85520982 -0.51006281 0.09193528
site -159.422320 332.157224 359.834827 -0.80878101 -0.56500598 0.16322231
site -160.970110 335.382051 363.328369 -0.75405716 -0.61415432 0.23283531
site -162.517899 338.606879 366.821911 -0.69159952 -0.65700375 0.30006029
site -164.065689 341.831706 370.315453 -0.62204869 -0.69311480 0.36420778
site -165.613478 345.056534 373.808995 -0.54611798 -0.72211711 0.42461987
site -167.161268 348.281361 377.302537 -0.46458616 -0.74371322 0.48067697
site -168.709057 351.506188 380.796079 -0.37828944 -0.75768164 0.53180414
site -170.256847 354.731016 384.289621 -0.28811290 -0.76387910 0.57747700
site -171.804636 357.955843 387.783163 -0.19498140 -0.76224204 0.61722712
site -173.352426 361.180671 391.276705 -0.09985014 -0.75278726 0.65064682
site -174.900215 364.405498 394.770247 -0.00369478 -0.73561172 0.67739334
site -176.448005 367.630325 398.263789 0.09249847 -0.71089158 0.69719237
site -177.995794 370.855153 401.757331 0.18774303 -0.67888037 0.70984082
site -179.543584 374.079980 405.250873 0.28106206 -0.63990641 0.71520899
site -181.091373 377.304808 408.744415 0.37149845 -0.59436943 0.71324181
site -182.639163 380.529635 412.237957 0.45812467 -0.54273646 0.70395946
site -184.186952 383.754463 415.731499 0.54005225 -0.48553706 0.68745715
site -185.734742 386.979290 419.225041 0.61644094 -0.42335788 0.66390411
site -187.282531 390.204117 422.718583 0.68650727 -0.35683664 0.63354193
site -188.830321 393.428945 426.212125 0.74953263 -0.28665561 0.59668199
site -190.378110 396.653772 429.705667 0.80487061 -0.21353457 0.55370235
site -191.925900 399.878600 433.199209 0.85195365 -0.13822348 0.50504381
site -193.473689 403.103427 436.692751 0.89029886 -0.06149473 0.45120543
site -195.021479 406.328254 440.186293 0.91951296 0.01586473 0.39273938
site -196.569268 409.553082 443.679835 0.93929633 0.09306146 0.33024531
site -198.117058 412.777909 447.173377 0.94944607 0.16930375 0.26436416
site -199.664847 416.002737 450.666919 0.94985806 0.24380961 0.19577164
site -201.212637 419.227564 454.160461 0.94052810 0.31581490 0.12517124
site -202.760426 422.452392 457.654003 0.92155187 0.38458113 0.05328705
site -204.308216 425.677219 461.147545 0.89312399 0.44940300 -0.01914366
site -205.856005 428.902046 464.641087 0.85553603 0.50961570 -0.09137803
site -207.403795 432.126874 468.134629 0.80917349 0.56460166 -0.16267520
site -208.951584 435.351701 471.628171 0.75451189 0.61379694 -0.23230395
site -210.499374 438.576529 475.121713 0.69211185 0.65669697 -0.29955013
site -212.047164 441.801356 478.615255 0.62261334 0.69286178 -0.36372405
site -213.594953 445.026183 482.108797 0.54672918 0.72192043 -0.42416754
site -215.142743 448.251011 485.602339 0.46523763 0.74357491 -0.48026067
site -216.690532 451.475838 489.095881 0.37897450 0.75760311 -0.53142813
site -218.238322 454.700666 492.589423 0.28882452 0.76386116 -0.57714515
site -219.786111 457.925493 496.082965 0.19571229 0.76228487 -0.61694284
site -221.333901 461.150321 499.576507 0.10059280 0.75289042 -0.65041302
site -222.881690 464.375148 503.070049 0.00444159 0.73577416 -0.67721242
site -224.429480 467.599975 506.563591 -0.09175516 0.71111163 -0.69706617
site -225.977269 470.824803 510.057133 -0.18701085 0.67915577 -0.70977065
site -227.525059 474.049630 513.550675 -0.28034852 0.64023434 -0.71519557
site -229.072848 477.274458 517.044217 -0.37081087 0.59474652 -0.71328527
site -230.620638 480.499285 520.537759 -0.45747010 0.54315884 -0.70405936
site -232.168427 483.724112 524.031301 -0.53943741 0.48600041 -0.68761246
site -233.716217 486.948940 527.524843 -0.61587212 0.42385744 -0.66411324
site -235.264006 490.173767 531.018385 -0.68599032 0.35736729 -0.63380273
site -236.811796 493.398595 534.511927 -0.74907284 0.28721191 -0.59699180
site -238.359585 496.623422 538.005469 -0.80447270 0.21411081 -0.55405798
site -239.907375 499.848250 541.499011 -0.85162170 0.13881374 -0.50544161
site -241.455164 503.073077 544.992553 -0.89003628 0.06209297 -0.45164132
site -243.002954 506.297904 548.486095 -0.91932244 -0.01526464 -0.39320890
site -244.550743 509.522732 551.979637 -0.93917982 -0.09246569 -0.33074364
site -246.098533 512.747559 555.473179 -0.94940477 -0.16871840 -0.26488619
site -247.646322 515.972387 558.966721 -0.94989240 -0.24324069 -0.19631201
site -249.194112 519.197214 562.460263 -0.94063771 -0.31526825 -0.12572441
site -250.741901 522.422041 565.953805 -0.92173564 -0.38406234 -0.05384735
site -252.289691 525.646869 569.447347 -0.89338003 -0.44891741 0.01858198
site -253.837480 528.871696 572.940889 -0.85586171 -0.50916827 0.09082072
site -255.385270 532.096524 576.434431 -0.80956548 -0.56419699 0.16212799
site -256.933059 535.321351 579.927973 -0.75496616 -0.61343918 0.23177244
site -258.480849 538.546179 583.421515 -0.69262374 -0.65638979 0.29903978
site -260.028638 541.771006 586.915057 -0.62317761 -0.69260833 0.36324010
site -261.576428 544.995833 590.408599 -0.54734003 -0.72172331 0.42371494
site -263.124217 548.220661 593.902141 -0.46588881 -0.74343613 0.47984407
site -264.672007 551.445488 597.395683 -0.37965933 -0.75752411 0.53105181
site -266.219797 554.670316 600.889225 -0.28953597 -0.76384274 0.57681296
site -267.767586 557.895143 604.382767 -0.19644306 -0.76232723 0.61665818
site -269.315376 561.119970 607.876309 -0.10133539 -0.75299312 0.65017882
site -270.863165 564.344798 611.369851 -0.00518840 -0.73593614 0.67703107
site -272.410955 567.569625 614.863393 0.09101180 -0.71133123 0.69693954
site -273.958744 570.794453 618.356935 0.18627856 -0.67943075 0.70970004
site -275.506534 574.019280 621.850477 0.27963481 -0.64056187 0.71518170
site -277.054323 577.244108 625.344019 0.37012306 -0.59512324 0.71332829
site -278.602113 580.468935 628.837561 0.45681524 -0.54358089 0.70415882
site -280.149902 583.693762 632.331103 0.53882223 -0.48646346 0.68776734
site -281.697692 586.918590 635.824645 0.61530293 -0.42435674 0.66432196
site -283.245481 590.143417 639.318187 0.68547294 -0.35789772 0.63406314
site -284.793271 593.368245 642.811729 0.74861259 -0.28776803 0.59730123
site -286.341060 596.593072 646.305271 0.80407429 -0.21468692 0.55441326
site -287.888850 599.817899 649.798813 0.85128923 -0.13940393 0.50583910
site -289.436639 603.042727 653.292355 0.88977315 -0.06269118 0.45207694
site -290.984429 606.267554 656.785897 0.91913135 0.01466454 0.39367818
site -292.532218 609.492382 660.279439 0.93906274 0.09186986 0.33124176
site -294.080008 612.717209 663.772981 0.94936288 0.16813294 0.26540805
site -295.627797 615.942037 667.266523 0.94992614 0.24267162 0.19685226
site -297.175587 619.166864 670.760065 0.94074674 0.31472139 0.12627751
site -298.723376 622.391691 674.253607 0.92191883 0.38354331 0.05440762
site -300.271166 625.616519 677.747149 0.89363551 0.44843153 -0.01802028
site -301.818955 628.841346 681.240691 0.85618687 0.50872053 -0.09026336
site -303.366745 632.066174 684.734233 0.80995697 0.56379197 -0.16158068
site -304.914534 635.291001 688.227775 0.75541997 0.61308104 -0.23124080
site -306.462324 638.515828 691.721317 0.69313521 0.65608221 -0.29852925
site -308.010113 641.740656 695.214859 0.62374150 0.69235445 -0.36275592
site -309.557903 644.965483 698.708401 0.54795056 0.72152574 -0.42326208
site -311.105692 648.190311 702.201943 0.46653971 0.74329690 -0.47942717
site -312.653482 651.415138 705.695485 0.38034392 0.75744464 -0.53067515
site -314.201271 654.639966 709.189027 0.29024723 0.76382386 -0.57648040
site -315.749061 657.864793 712.682569 0.19717371 0.76236912 -0.61637314
site -317.296851 661.089620 716.176111 0.10207793 0.75309536 -0.64994421
site -318.844640 664.314448 719.669653 0.00593521 0.73609767 -0.67684931
site -320.392430 667.539275 723.163195 -0.09026838 0.71155040 -0.69681249
site -321.940219 670.764103 726.656737 -0.18554615 0.67970531 -0.70962900
site -323.488009 673.988930 730.150279 -0.27892093 0.64088901 -0.71516739
site -325.035798 677.213757 733.643821 -0.36943502 0.59549960 -0.71337087
site -326.583588 680.438585 737.137363 -0.45616011 0.54400261 -0.70425785
site -328.131377 683.663412 740.630905 -0.53820672 0.48692621 -0.68792180
site -329.679167 686.888240 744.124447 -0.61473335 0.42485578 -0.66453027
site -331.226956 690.113067 747.617989 -0.68495514 0.35842793 -0.63432316
site -332.774746 693.337895 751.111531 -0.74815187 0.28832397 -0.59761029
site -334.322535 696.562722 754.605073 -0.80367539 0.21526289 -0.55476820
site -335.870325 699.787549 758.098615 -0.85095623 0.13999402 -0.50623628
site -337.418114 703.012377 761.592157 -0.88950947 0.06328935 -0.45251228
site -338.965904 706.237204 765.085699 -0.91893970 -0.01406444 -0.39414721
site -340.513693 709.462032 768.579241 -0.93894507 -0.09127398 -0.33173968
site -342.061483 712.686859 772.072783 -0.94932041 -0.16754739 -0.26592975
site -343.609272 715.911686 775.566325 -0.94995930 -0.24210240 -0.19739239
site -345.157062 719.136514 779.059868 -0.94085520 -0.31417435 -0.12683052
site -346.704851 722.361341 782.553410 -0.92210146 -0.38302405 -0.05496786
site -348.252641 725.586169 786.046952 -0.89389045 -0.44794538 0.01745858
site -349.800430 728.810996 789.540494 -0.85651149 -0.50827247 0.08970595
site -351.348220 732.035824 793.034036 -0.81034796 -0.56338661 0.16103327
site -352.896009 735.260651 796.527578 -0.75587331 -0.61272252 0.23070901
site -354.443799 738.485478 800.021120 -0.69364625 -0.65577422 0.29801854
site -355.991588 741.710306 803.514662 -0.62430500 -0.69210014 0.36227152
site -357.539378 744.935133 807.008204 -0.54856074 -0.72132773 0.42280896
site -359.087167 748.159961 810.501746 -0.46719031 -0.74315722 0.47900998
site -360.634957 751.384788 813.995288 -0.38102827 -0.75736471 0.53029817
site -362.182746 754.609615 817.488830 -0.29095832 -0.76380450 0.57614749
site -363.730536 757.834443 820.982372 -0.19790424 -0.76241054 0.61608772
site -365.278325 761.059270 824.475914 -0.10282040 -0.75319713 0.64970921
site -366.826115 764.284098 827.969456 -0.00668202 -0.73625875 0.67666713
site -368.373904 767.508925 831.462998 0.08952490 -0.71176913 0.69668500
site -369.921694 770.733753 834.956540 0.18481363 -0.67997945 0.70955751
site -371.469484 773.958580 838.450082 0.27820687 -0.64121575 0.71515264
site -373.017273 777.183407 841.943624 0.36874676 -0.59587559 0.71341300
site -374.565063 780.408235 845.437166 0.45550470 -0.54442399 0.70435644
site -376.112852 783.633062 848.930708 0.53759087 -0.48738866 0.68807583
site -377.660642 786.857890 852.424250 0.61416339 -0.42535456 0.66473816
site -379.208431 790.082717 855.917792 0.68443692 -0.35895792 0.63458279
site -380.756221 793.307544 859.411334 0.74769070 -0.28887973 0.59791899
site -382.304010 796.532372 862.904876 0.80327599 -0.21583873 0.55512280
site -383.851800 799.757199 866.398418 0.85062271 -0.14058403 0.50663314
site -385.399589 802.982027 869.891960 0.88924524 -0.06388748 0.45294734
site -386.947379 806.206854 873.385502 0.91874748 0.01346433 0.39461600
site -388.495168 809.431682 876.879044 0.93882682 0.09067804 0.33223740
site -390.042958 812.656509 880.372586 0.94927735 0.16696173 0.26645129
site -391.590747 815.881336 883.866128 0.94999188 0.24153303 0.19793240
site -393.138537 819.106164 887.359670 0.94096307 0.31362711 0.12738346
site -394.686326 822.330991 890.853212 0.92228353 0.38250455 0.05552806
site -396.234116 825.555819 894.346754 0.89414483 0.44745895 -0.01689686
site -397.781905 828.780646 897.840296 0.85683559 0.50782410 -0.08914848
site -399.329695 832.005473 901.333838 0.81073845 0.56298090 -0.16048577
site -400.877484 835.230301 904.827380 0.75632618 0.61236363 -0.23017708
site -402.425274 838.455128 908.320922 0.69415687 0.65546582 -0.29750764
site -403.973063 841.679956 911.814464 0.62486812 0.69184541 -0.36178690
site -405.520853 844.904783 915.308006 0.54917059 0.72112927 -0.42235558
site -407.068642 848.129611 918.801548 0.46784063 0.74301707 -0.47859250
site -408.616432 851.354438 922.295090 0.38171240 0.75728431 -0.52992086
site -410.164221 854.579265 925.788632 0.29166923 0.76378468 -0.57581423
site -411.712011 857.804093 929.282174 0.19863464 0.76245149 -0.61580192
site -413.259800 861.028920 932.775716 0.10356281 0.75329843 -0.64947380
site -414.807590 864.253748 936.269258 0.00742881 0.73641937 -0.67648453
site -416.355379 867.478575 939.762800 -0.08878137 0.71198742 -0.69655709
site -417.903169 870.703402 943.256342 -0.18408100 0.68025317 -0.70948559
site -419.450958 873.928230 946.749884 -0.27749265 0.64154209 -0.71513745
site -420.998748 877.153057 950.243426 -0.36805827 0.59625121 -0.71345470
site -422.546537 880.377885 953.736968 -0.45484900 0.54484503 -0.70445459
site -424.094327 883.602712 957.230510 -0.53697470 0.48785081 -0.68822944
site -425.642117 886.827540 960.724052 -0.61359306 0.42585307 -0.66494565
site -427.189906 890.052367 964.217594 -0.68391827 0.35948769 -0.63484203
site -428.737696 893.277194 967.711136 -0.74722906 0.28943532 -0.59822732
site -430.285485 896.502022 971.204678 -0.80287610 0.21641444 -0.55547705
site -431.833275 899.726849 974.698220 -0.85028866 0.14117396 -0.50702969
site -433.381064 902.951677 978.191762 -0.88898047 0.06448557 -0.45338212
site -434.928854 906.176504 981.685304 -0.91855469 -0.01286420 -0.39508455
site -436.476643 909.401331 985.178846 -0.93870800 -0.09008204 -0.33273491
site -438.024433 912.626159 988.672388 -0.94923371 -0.16637597 -0.26697266
site -439.572222 915.850986 992.165930 -0.95002386 -0.24096351 -0.19847228
site -441.120012 919.075814 995.659472 -0.94107036 -0.31307967 -0.12793632
site -442.667801 922.300641 999.153014 -0.92246502 -0.38198482 -0.05608822
site -444.215591 925.525469 1002.646556 -0.89439867 -0.44697224 0.01633513
site -445.763380 928.750296 1006.140098 -0.85715916 -0.50737542 0.08859095
site -447.311170 931.975123 1009.633640 -0.81112844 -0.56257484 0.15993816
site -448.858959 935.199951 1013.127182 -0.75677859 -0.61200436 0.22964500
site -450.406749 938.424778 1016.620724 -0.69466705 -0.65515702 0.29699656
site -451.954538 941.649606 1020.114266 -0.62543085 -0.69159025 0.36130205
site -453.502328 944.874433 1023.607808 -0.54978009 -0.72093037 0.42190194
site -455.050117 948.099260 1027.101350 -0.46849066 -0.74287646 0.47817472
site -456.597907 951.324088 1030.594892 -0.38239628 -0.75720345 0.52954322
site -458.145696 954.548915 1034.088434 -0.29237996 -0.76376438 0.57548061
site -459.693486 957.773743 1037.581976 -0.19936492 -0.76249197 0.61551573
site -461.241275 960.998570 1041.075518 -0.10430516 -0.75339927 0.64923799
site -462.789065 964.223398 1044.569060 -0.00817561 -0.73657954 0.67630152
site -464.336854 967.448225 1048.062602 0.08803779 -0.71220528 0.69642874
