301
Director field of a model cholesteric film (E44 + 3.40 wt% R5011 (model concentration)); site x y z (nm) nx ny nz (unit director)
site 0.000000 0.000000 0.000000 0.97261242 -0.10407628 -0.20782976
site 0.819212 4.706065 1.477105 0.94731842 -0.06656927 -0.31329912
site 1.638425 9.412131 2.954210 0.90954791 -0.02818551 -0.41464222
site 2.457637 14.118196 4.431314 0.85979834 0.01056945 -0.51052435
site 3.276849 18.824262 5.908419 0.79872492 0.04918522 -0.59968268
site 4.096062 23.530327 7.385524 0.72713201 0.08715319 -0.68094299
site 4.915274 28.236393 8.862629 0.64596253 0.12397333 -0.75323504
site 5.734487 32.942458 10.339734 0.55628549 0.15916070 -0.81560672
site 6.553699 37.648524 11.816839 0.45928197 0.19225186 -0.86723658
site 7.372911 42.354589 13.293943 0.35622956 0.22281101 -0.90744463
site 8.192124 47.060655 14.771048 0.24848547 0.25043565 -0.93570132
site 9.011336 51.766720 16.248153 0.13746875 0.27476196 -0.95163449
site 9.830548 56.472786 17.725258 0.02464151 0.29546957 -0.95503431
site 10.649761 61.178851 19.202363 -0.08851026 0.31228574 -0.94585599
site 11.468973 65.884917 20.679467 -0.20049632 0.32498900 -0.92422042
site 12.288185 70.590982 22.156572 -0.30984178 0.33341203 -0.89041254
site 13.107398 75.297048 23.633677 -0.41510651 0.33744392 -0.84487762
site 13.926610 80.003113 25.110782 -0.51490415 0.33703155 -0.78821536
site 14.745822 84.709179 26.587887 -0.60792031 0.33218036 -0.72117203
site 15.565035 89.415244 28.064992 -0.69292996 0.32295424 -0.64463062
site 16.384247 94.121310 29.542096 -0.76881347 0.30947469 -0.55959920
site 17.203460 98.827375 31.019201 -0.83457144 0.29191926 -0.46719766
site 18.022672 103.533441 32.496306 -0.88933782 0.27051915 -0.36864296
site 18.841884 108.239506 33.973411 -0.93239131 0.24555621 -0.26523311
site 19.661097 112.945572 35.450516 -0.96316487 0.21735920 -0.15833004
site 20.480309 117.651637 36.927620 -0.98125322 0.18629950 -0.04934171
site 21.299521 122.357703 38.404725 -0.98641813 0.15278617 0.06029646
site 22.118734 127.063768 39.881830 -0.97859156 0.11726059 0.16914051
site 22.937946 131.769834 41.358935 -0.95787660 0.08019065 0.27575692
site 23.757158 136.475899 42.836040 -0.92454607 0.04206458 0.37874152
site 24.576371 141.181965 44.313145 -0.87903895 0.00338449 0.47673795
site 25.395583 145.888030 45.790249 -0.82195457 -0.03534017 0.56845559
site 26.214796 150.594096 47.267354 -0.75404477 -0.07359938 0.65268646
site 27.034008 155.300161 48.744459 -0.67620394 -0.11088927 0.72832122
site 27.853220 160.006227 50.221564 -0.58945726 -0.14671871 0.79436375
site 28.672433 164.712292 51.698669 -0.49494723 -0.18061581 0.84994422
site 29.491645 169.418358 53.175774 -0.39391856 -0.21213413 0.89433063
site 30.310857 174.124423 54.652878 -0.28770186 -0.24085858 0.92693839
site 31.130070 178.830489 56.129983 -0.17769602 -0.26641083 0.94733806
site 31.949282 183.536554 57.607088 -0.06534986 -0.28845437 0.95526095
site 32.768494 188.242620 59.084193 0.04785698 -0.30669885 0.95060272
site 33.587707 192.948685 60.561298 0.16043353 -0.32090401 0.93342472
site 34.406919 197.654751 62.038402 0.27089711 -0.33088275 0.90395319
site 35.226132 202.360816 63.515507 0.37779288 -0.33650364 0.86257628
site 36.045344 207.066882 64.992612 0.47971299 -0.33769267 0.80983894
site 36.864556 211.772947 66.469717 0.57531511 -0.33443416 0.74643574
site 37.683769 216.479013 67.946822 0.66334013 -0.32677105 0.67320172
site 38.502981 221.185078 69.423927 0.74262873 -0.31480424 0.59110140
site 39.322193 225.891144 70.901031 0.81213664 -0.29869135 0.50121607
site 40.141406 230.597209 72.378136 0.87094844 -0.27864459 0.40472955
site 40.960618 235.303275 73.855241 0.91828954 -0.25492799 0.30291260
site 41.779830 240.009340 75.332346 0.95353645 -0.22785389 0.19710618
site 42.599043 244.715406 76.809451 0.97622495 -0.19777888 0.08870381
site 43.418255 249.421471 78.286555 0.98605622 -0.16509905 -0.02086683
site 44.237467 254.127537 79.763660 0.98290080 -0.13024481 -0.13016264
site 45.056680 258.833602 81.240765 0.96680022 -0.09367520 -0.23774416
site 45.875892 263.539668 82.717870 0.93796655 -0.05587186 -0.34219451
site 46.695105 268.245733 84.194975 0.89677953 -0.01733266 -0.44213804
site 47.514317 272.951799 85.672080 0.84378162 0.02143481 -0.53625846
site 48.333529 277.657864 87.149184 0.77967080 0.05991998 -0.62331616
site 49.152742 282.363930 88.626289 0.70529145 0.09761598 -0.70216458
site 49.971954 287.069995 90.103394 0.62162316 0.13402635 -0.77176524
site 50.791166 291.776061 91.580499 0.52976788 0.16867154 -0.83120148
site 51.610379 296.482126 93.057604 0.43093538 0.20109527 -0.87969051
site 52.429591 301.188192 94.534708 0.32642730 0.23087050 -0.91659371
site 53.248803 305.894257 96.011813 0.21762006 0.25760509 -0.94142505
site 54.068016 310.600323 97.488918 0.10594669 0.28094693 -0.95385749
site 54.887228 315.306388 98.966023 -0.00712204 0.30058860 -0.95372730
site 55.706441 320.012454 100.443128 -0.12009696 0.31627142 -0.94103619
site 56.525653 324.718519 101.920233 -0.23149017 0.32778883 -0.91595130
site 57.344865 329.424585 103.397337 -0.33983457 0.33498914 -0.87880301
site 58.164078 334.130650 104.874442 -0.44370323 0.33777754 -0.83008059
site 58.983290 338.836716 106.351547 -0.54172817 0.33611728 -0.77042571
site 59.802502 343.542781 107.828652 -0.63261835 0.33003024 -0.70062405
site 60.621715 348.248847 109.305757 -0.71517673 0.31959659 -0.62159493
site 61.440927 352.954912 110.782861 -0.78831599 0.30495374 -0.53437919
site 62.260139 357.660978 112.259966 -0.85107284 0.28629454 -0.44012549
site 63.079352 362.367043 113.737071 -0.90262078 0.26386475 -0.34007518
site 63.898564 367.073109 115.214176 -0.94228088 0.23795976 -0.23554597
site 64.717777 371.779174 116.691281 -0.96953081 0.20892076 -0.12791453
site 65.536989 376.485240 118.168386 -0.98401168 0.17713020 -0.01859841
site 66.356201 381.191305 119.645490 -0.98553278 0.14300678 0.09096265
site 67.175414 385.897371 121.122595 -0.97407406 0.10699990 0.19932571
site 67.994626 390.603436 122.599700 -0.94978645 0.06958380 0.30506357
site 68.813838 395.309502 124.076805 -0.91298983 0.03125126 0.40678365
site 69.633051 400.015567 125.553910 -0.86416880 -0.00749288 0.50314624
site 70.452263 404.721633 127.031014 -0.80396638 -0.04613833 0.59288222
site 71.271475 409.427698 128.508119 -0.73317543 -0.08417612 0.67480973
site 72.090688 414.133764 129.985224 -0.65272831 -0.12110528 0.74784976
site 72.909900 418.839829 131.462329 -0.56368453 -0.15643945 0.81104035
site 73.729112 423.545895 132.939434 -0.46721682 -0.18971325 0.86354926
site 74.548325 428.251960 134.416539 -0.36459571 -0.22048846 0.90468492
site 75.367537 432.958026 135.893643 -0.25717275 -0.24835976 0.93390557
site 76.186750 437.664091 137.370748 -0.14636273 -0.27296008 0.95082635
site 77.005962 442.370157 138.847853 -0.03362506 -0.29396542 0.95522442
site 77.825174 447.076222 140.324958 0.07955546 -0.31109913 0.94704185
site 78.644387 451.782288 141.802063 0.19168821 -0.32413556 0.92638640
site 79.463599 456.488353 143.279168 0.30129635 -0.33290301 0.89353013
site 80.282811 461.194419 144.756272 0.40693632 -0.33728601 0.84890575
site 81.102024 465.900484 146.233377 0.50721680 -0.33722683 0.79310099
site 81.921236 470.606550 147.710482 0.60081705 -0.33272626 0.72685081
site 82.740448 475.312615 149.187587 0.68650434 -0.32384357 0.65102775
site 83.559661 480.018681 150.664692 0.76315012 -0.31069575 0.56663043
site 84.378873 484.724746 152.141796 0.82974495 -0.29345596 0.47477039
site 85.198086 489.430812 153.618901 0.88541175 -0.27235124 0.37665746
site 86.017298 494.136877 155.096006 0.92941736 -0.24765957 0.27358381
site 86.836510 498.842943 156.573111 0.96118223 -0.21970613 0.16690698
site 87.655723 503.549008 158.050216 0.98028799 -0.18885909 0.05803192
site 88.474935 508.255074 159.527321 0.98648301 -0.15552471 -0.05160745
site 89.294147 512.961139 161.004425 0.97968571 -0.12014201 -0.16056712
site 90.113360 517.667205 162.481530 0.95998561 -0.08317700 -0.26741207
site 90.932572 522.373270 163.958635 0.92764216 -0.04511652 -0.37073510
site 91.751784 527.079336 165.435740 0.88308134 -0.00646184 -0.46917543
site 92.570997 531.785401 166.912845 0.82689003 0.03227794 -0.56143656
site 93.390209 536.491467 168.389949 0.75980830 0.07059261 -0.64630336
site 94.209421 541.197532 169.867054 0.68271962 0.10797756 -0.72265813
site 95.028634 545.903598 171.344159 0.59663928 0.14394040 -0.78949524
site 95.847846 550.609663 172.821264 0.50270100 0.17800750 -0.84593442
site 96.667059 555.315729 174.298369 0.40214197 0.20973017 -0.89123234
site 97.486271 560.021794 175.775474 0.29628659 0.23869063 -0.92479243
site 98.305483 564.727860 177.252578 0.18652901 0.26450744 -0.94617268
site 99.124696 569.433925 178.729683 0.07431478 0.28684061 -0.95509150
site 99.943908 574.139991 180.206788 -0.03887820 0.30539598 -0.95143144
site 100.763120 578.846056 181.683893 -0.15155914 0.31992918 -0.93524069
site 101.582333 583.552122 183.160998 -0.26224400 0.33024880 -0.90673250
site 102.401545 588.258187 184.638102 -0.36947501 0.33621892 -0.86628232
site 103.220757 592.964253 186.115207 -0.47183990 0.33776093 -0.81442290
site 104.039970 597.670318 187.592312 -0.56799050 0.33485451 -0.75183725
site 104.859182 602.376384 189.069417 -0.65666047 0.32753794 -0.67934964
site 105.678395 607.082449 190.546522 -0.73668199 0.31590758 -0.59791475
site 106.497607 611.788515 192.023627 -0.80700115 0.30011660 -0.50860512
site 107.316819 616.494580 193.500731 -0.86669182 0.28037299 -0.41259699
site 108.136032 621.200646 194.977836 -0.91496786 0.25693677 -0.31115481
site 108.955244 625.906711 196.454941 -0.95119345 0.23011659 -0.20561461
site 109.774456 630.612777 197.932046 -0.97489150 0.20026571 -0.09736639
site 110.593669 635.318842 199.409151 -0.98574988 0.16777725 0.01216417
site 111.412881 640.024908 200.886255 -0.98362559 0.13307911 0.12153453
site 112.232093 644.730973 202.363360 -0.96854661 0.09662827 0.22930424
site 113.051306 649.437039 203.840465 -0.94071154 0.05890480 0.33405393
site 113.870518 654.143104 205.317570 -0.90048696 0.02040554 0.43440401
site 114.689731 658.849170 206.794675 -0.84840266 -0.01836248 0.52903284
site 115.508943 663.555235 208.271780 -0.78514460 -0.05688865 0.61669412
site 116.328155 668.261301 209.748884 -0.71154591 -0.09466558 0.69623333
site 117.147368 672.967366 211.225989 -0.62857591 -0.13119573 0.76660290
site 117.966580 677.673432 212.703094 -0.53732735 -0.16599798 0.82687604
site 118.785792 682.379497 214.180199 -0.43900200 -0.19861399 0.87625894
site 119.605005 687.085563 215.657304 -0.33489484 -0.22861418 0.91410120
site 120.424217 691.791628 217.134409 -0.22637699 -0.25560344 0.93990443
site 121.243429 696.497694 218.611513 -0.11487769 -0.27922632 0.95332879
site 122.062642 701.203759 220.088618 -0.00186540 -0.29917168 0.95419748
site 122.881854 705.909825 221.565723 0.11117145 -0.31517685 0.94249905
site 123.701066 710.615890 223.042828 0.22274414 -0.32703104 0.91838758
site 124.520279 715.321956 224.519933 0.33138321 -0.33457811 0.88218063
site 125.339491 720.028021 225.997037 0.43565784 -0.33771866 0.83435505
site 126.158704 724.734086 227.474142 0.53419471 -0.33641135 0.77554072
site 126.977916 729.440152 228.951247 0.62569605 -0.33067338 0.70651225
site 127.797128 734.146217 230.428352 0.70895676 -0.32058033 0.62817877
site 128.616341 738.852283 231.905457 0.78288025 -0.30626512 0.54157196
site 129.435553 743.558348 233.382562 0.84649294 -0.28791630 0.44783245
site 130.254765 748.264414 234.859666 0.89895703 -0.26577551 0.34819483
site 131.073978 752.970479 236.336771 0.93958153 -0.24013437 0.24397137
site 131.893190 757.676545 237.813876 0.96783142 -0.21133058 0.13653472
site 132.712402 762.382610 239.290981 0.98333463 -0.17974349 0.02729986
site 133.531615 767.088676 240.768086 0.98588698 -0.14578911 -0.08229455
site 134.350827 771.794741 242.245190 0.97545486 -0.10991465 -0.19080512
site 135.170040 776.500807 243.722295 0.95217565 -0.07259256 -0.29680271
site 135.989252 781.206872 245.199400 0.91635596 -0.03431441 -0.39889131
site 136.808464 785.912938 246.676505 0.86846754 0.00441568 -0.49572637
site 137.627677 790.619003 248.153610 0.80914110 0.04308760 -0.58603254
site 138.446889 795.325069 249.630715 0.73915799 0.08119206 -0.66862045
site 139.266101 800.031134 251.107819 0.65943991 0.11822718 -0.74240241
site 140.085314 804.737200 252.584924 0.57103678 0.15370521 -0.80640666
site 140.904526 809.443265 254.062029 0.47511290 0.18715889 -0.85979026
site 141.723738 814.149331 255.539134 0.37293161 0.21814762 -0.90185012
site 142.542951 818.855396 257.016239 0.26583868 0.24626327 -0.93203230
site 143.362163 823.561462 258.493343 0.15524456 0.27113554 -0.94993928
site 144.181375 828.267527 259.970448 0.04260582 0.29243687 -0.95533524
site 145.000588 832.973593 261.447553 -0.07059405 0.30988670 -0.94814910
site 145.819800 837.679658 262.924658 -0.18286418 0.32325522 -0.92847550
site 146.639013 842.385724 264.401763 -0.29272592 0.33236635 -0.89657356
site 147.458225 847.091789 265.878868 -0.39873236 0.33710010 -0.85286343
site 148.277437 851.797855 267.355972 -0.49948735 0.33739413 -0.79792079
site 149.096650 856.503920 268.833077 -0.59366393 0.33324455 -0.73246926
site 149.915862 861.209986 270.310182 -0.68002174 0.32470603 -0.65737085
site 150.735074 865.916051 271.787287 -0.75742342 0.31189102 -0.57361463
site 151.554287 870.622117 273.264392 -0.82484958 0.29496830 -0.48230372
site 152.373499 875.328182 274.741496 -0.88141218 0.27416073 -0.38464069
site 153.192711 880.034248 276.218601 -0.92636627 0.24974238 -0.28191181
site 154.011924 884.740313 277.695706 -0.95911980 0.22203483 -0.17547006
site 154.831136 889.446379 279.172811 -0.97924139 0.19140301 -0.06671730
site 155.650349 894.152444 280.649916 -0.98646602 0.15825034 0.04291415
site 156.469561 898.858510 282.127021 -0.98069855 0.12301346 0.15198040
site 157.288773 903.564575 283.604125 -0.96201494 0.08615645 0.25904502
site 158.107986 908.270641 285.081230 -0.93066126 0.04816473 0.36269792
site 158.927198 912.976706 286.558335 -0.88705044 0.00953866 0.46157397
site 159.746410 917.682772 288.035440 -0.83175686 -0.02921304 0.55437092
site 160.565623 922.388837 289.512545 -0.76550875 -0.06757999 0.63986662
site 161.384835 927.094903 290.989649 -0.68917863 -0.10505688 0.71693505
site 162.204047 931.800968 292.466754 -0.60377178 -0.14115014 0.78456120
site 163.023260 936.507034 293.943859 -0.51041305 -0.17538441 0.84185440
site 163.842472 941.213099 295.420964 -0.41033200 -0.20730880 0.88806009
site 164.661685 945.919165 296.898069 -0.30484673 -0.23650286 0.92256971
site 165.480897 950.625230 298.375174 -0.19534652 -0.26258210 0.94492877
site 166.300109 955.331296 299.852278 -0.08327354 -0.28520304 0.95484279
site 167.119322 960.037361 301.329383 0.02989619 -0.30406775 0.95218119
site 167.938534 964.743427 302.806488 0.14267218 -0.31892779 0.93697904
site 168.757746 969.449492 304.283593 0.25356912 -0.32958743 0.90943654
site 169.576959 974.155558 305.760698 0.36112647 -0.33590630 0.86991645
site 170.396171 978.861623 307.237803 0.46392765 -0.33780116 0.81893926
site 171.215383 983.567689 308.714907 0.56061875 -0.33524706 0.75717635
site 172.034596 988.273754 310.192012 0.64992631 -0.32827765 0.68544116
site 172.853808 992.979820 311.669117 0.73067410 -0.31698470 0.60467847
site 173.673020 997.685885 313.146222 0.80179867 -0.30151695 0.51595196
site 174.492233 1002.391951 314.623327 0.86236326 -0.28207812 0.42043018
site 175.311445 1007.098016 316.100431 0.91157023 -0.25892422 0.31937119
site 176.130658 1011.804082 317.577536 0.94877151 -0.23236020 0.21410597
site 176.949870 1016.510147 319.054641 0.97347713 -0.20273591 0.10602090
site 177.769082 1021.216213 320.531746 0.98536172 -0.17044152 -0.00346051
site 178.588295 1025.922278 322.008851 0.98426875 -0.13590236 -0.11289634
site 179.407507 1030.628344 323.485956 0.97021261 -0.09957331 -0.22084528
site 180.226719 1035.334409 324.963060 0.94337844 -0.06193285 -0.32588562
site 181.045932 1040.040475 326.440165 0.90411965 -0.02347672 -0.42663392
site 181.865144 1044.746540 327.917270 0.85295328 0.01528862 -0.52176331
site 182.684356 1049.452606 329.394375 0.79055322 0.05385259 -0.61002090
site 183.503569 1054.158671 330.871480 0.71774131 0.09170731 -0.69024430
site 184.322781 1058.864737 332.348584 0.63547648 0.12835422 -0.76137693
site 185.141994 1063.570802 333.825689 0.54484221 0.16331065 -0.82248197
site 185.961206 1068.276868 335.302794 0.44703218 0.19611622 -0.87275464
site 186.780418 1072.982933 336.779899 0.34333458 0.22633888 -0.91153282
site 187.599631 1077.688999 338.257004 0.23511514 0.25358057 -0.93830579
site 188.418843 1082.395064 339.734109 0.12379915 0.27748252 -0.95272096
site 189.238055 1087.101130 341.211213 0.01085269 0.29772993 -0.95458845
site 190.057268 1091.807195 342.688318 -0.10223671 0.31405613 -0.94388368
site 190.876480 1096.513261 344.165423 -0.21397962 0.32624610 -0.92074763
site 191.695692 1101.219326 345.642528 -0.32290434 0.33413930 -0.88548502
site 192.514905 1105.925392 347.119633 -0.42757629 0.33763176 -0.83856026
site 193.334117 1110.631457 348.596737 -0.52661692 0.33667750 -0.78059137
site 194.153330 1115.337523 350.073842 -0.61872182 0.33128908 -0.71234181
site 194.972542 1120.043588 351.550947 -0.70267793 0.32153746 -0.63471047
site 195.791754 1124.749654 353.028052 -0.77737954 0.30755108 -0.54871977
site 196.610967 1129.455719 354.505157 -0.84184278 0.28951415 -0.45550224
site 197.430179 1134.161785 355.982262 -0.89521866 0.26766422 -0.35628558
site 198.249391 1138.867850 357.459366 -0.93680420 0.24228905 -0.25237652
site 199.068604 1143.573916 358.936471 -0.96605170 0.21372286 -0.14514357
site 199.887816 1148.279981 360.413576 -0.98257596 0.18234186 -0.03599903
site 200.707028 1152.986047 361.890681 -0.98615935 0.14855935 0.07361962
site 201.526241 1157.692112 363.367786 -0.97675468 0.11282026 0.18226869
site 202.345453 1162.398178 364.844890 -0.95448582 0.07559530 0.28851721
site 203.164665 1167.104243 366.321995 -0.91964603 0.03737471 0.39096586
site 203.983878 1171.810309 367.799100 -0.87269420 -0.00133811 0.48826535
site 204.803090 1176.516374 369.276205 -0.81424867 -0.04003331 0.57913422
site 205.622303 1181.222440 370.753310 -0.74507920 -0.07820125 0.66237568
site 206.441515 1185.928505 372.230415 -0.66609678 -0.11533926 0.73689343
site 207.260727 1190.634571 373.707519 -0.57834164 -0.15095821 0.80170604
site 208.079940 1195.340636 375.184624 -0.48296953 -0.18458899 0.85595989
site 208.899152 1200.046702 376.661729 -0.38123655 -0.21578866 0.89894046
site 209.718364 1204.752767 378.138834 -0.27448255 -0.24414633 0.93008166
site 210.537577 1209.458833 379.615939 -0.16411351 -0.26928850 0.94897337
site 211.356789 1214.164898 381.093043 -0.05158305 -0.29088405 0.95536677
site 212.176001 1218.870964 382.570148 0.06162679 -0.30864855 0.94917765
site 212.995214 1223.577029 384.047253 0.17402497 -0.32234805 0.93048753
site 213.814426 1228.283095 385.524358 0.28413119 -0.33180211 0.89954257
site 214.633639 1232.989160 387.001463 0.39049530 -0.33688622 0.85675031
site 215.452851 1237.695226 388.478568 0.49171645 -0.33753341 0.80267436
site 216.272063 1242.401291 389.955672 0.58646152 -0.33373518 0.73802690
site 217.091276 1247.107357 391.432777 0.67348269 -0.32554154 0.66365938
site 217.910488 1251.813422 392.909882 0.75163386 -0.31306040 0.58055122
site 218.729700 1256.519488 394.386987 0.81988575 -0.29645615 0.48979701
site 219.548913 1261.225553 395.864092 0.87733945 -0.27594747 0.39259200
site 220.368125 1265.931619 397.341197 0.92323829 -0.25180446 0.29021641
site 221.187337 1270.637684 398.818301 0.95697776 -0.22434510 0.18401857
site 222.006550 1275.343750 400.295406 0.97811350 -0.19393104 0.07539715
site 222.825762 1280.049815 401.772511 0.98636714 -0.16096283 -0.03421729
site 223.644974 1284.755881 403.249616 0.98162999 -0.12587469 -0.14338106
site 224.464187 1289.461946 404.726721 0.96396442 -0.08912874 -0.25065647
site 225.283399 1294.168012 406.203825 0.93360311 -0.05120893 -0.35463063
site 226.102612 1298.874077 407.680930 0.89094591 -0.01261468 -0.45393419
site 226.921824 1303.580143 409.158035 0.83655465 0.02614571 -0.54725928
site 227.741036 1308.286208 410.635140 0.77114567 0.06456175 -0.63337677
site 228.560249 1312.992274 412.112245 0.69558044 0.10212749 -0.71115247
site 229.379461 1317.698339 413.589350 0.61085416 0.13834817 -0.77956204
site 230.198673 1322.404405 415.066454 0.51808273 0.17274676 -0.83770451
site 231.017886 1327.110470 416.543559 0.41848796 0.20487022 -0.88481411
site 231.837098 1331.816536 418.020664 0.31338157 0.23429547 -0.92027041
site 232.656310 1336.522601 419.497769 0.20414782 0.26063496 -0.94360643
site 233.475523 1341.228667 420.974874 0.09222538 0.28354180 -0.95451481
site 234.294735 1345.934732 422.451978 -0.02091170 0.30271429 -0.95285191
site 235.113948 1350.640798 423.929083 -0.13377337 0.31789993 -0.93863961
site 235.933160 1355.346863 425.406188 -0.24487319 0.32889872 -0.91206510
site 236.752372 1360.052929 426.883293 -0.35274795 0.33556579 -0.87347838
site 237.571585 1364.758994 428.360398 -0.45597690 0.33781335 -0.82338764
site 238.390797 1369.465060 429.837503 -0.55320047 0.33561179 -0.76245260
site 239.210009 1374.171125 431.314607 -0.64313820 0.32899011 -0.69147579
site 240.029222 1378.877191 432.791712 -0.72460557 0.31803551 -0.61139201
site 240.848434 1383.583256 434.268817 -0.79652963 0.30289227 -0.52325598
site 241.667646 1388.289322 435.745922 -0.85796313 0.28375983 -0.42822848
site 242.486859 1392.995387 437.223027 -0.90809695 0.26089018 -0.32756107
site 243.306071 1397.701453 438.700131 -0.94627081 0.23458451 -0.22257956
site 244.125284 1402.407518 440.177236 -0.97198196 0.20518929 -0.11466660
site 244.944496 1407.113584 441.654341 -0.98489176 0.17309165 -0.00524344
site 245.763708 1411.819649 443.131446 -0.98483020 0.13871433 0.10424877
