The XYZ file lists every non-hydrogen atom of hen egg-white lysozyme (PDB 6LYZ, chains A). Treat each supplied atom as an identical point scatterer. In the Guinier approximation (which applies at this q), what is the normalized small-angle scattering intensity I(q)/I(0) at q = 0.60 nm⁻¹?

选项：
A. 0.496
B. 0.791
C. 0.890
D. 0.913

附件：6LYZ-heavy-atoms.xyz（均为本题完整输入）。范围：等权点散射体；非实测 SAXS。 只回答一个字母 A、B、C 或 D。

===== 6LYZ-heavy-atoms.xyz =====
1001
6LYZ chains A, non-hydrogen ATOM records (main alternate location), angstrom
N 3.28700000 10.09200000 10.32900000
C 2.44500000 10.45700000 9.18200000
C 2.50000000 11.97800000 9.03800000
O 2.58800000 12.71900000 10.04100000
C 1.00600000 9.99500000 9.38500000
C 0.01600000 10.54600000 8.37700000
C -1.40400000 10.09300000 8.69900000
C -2.26900000 10.03000000 7.45100000
N -3.55900000 9.36200000 7.73500000
N 2.44100000 12.40400000 7.78900000
C 2.39600000 13.82600000 7.42500000
C 1.00300000 14.07100000 6.84600000
O 0.71900000 13.72200000 5.67900000
C 3.50900000 14.14200000 6.43500000
C 3.49000000 15.58600000 5.87400000
C 4.86400000 13.74600000 6.95900000
N 0.17000000 14.67400000 7.67900000
C -1.20000000 15.05200000 7.31100000
C -1.32000000 16.15700000 6.26400000
O -0.42200000 17.01600000 6.12800000
C -1.94400000 15.50200000 8.55300000
C -2.57600000 14.50900000 9.48400000
C -3.87900000 14.18200000 9.31200000
C -1.85400000 13.86200000 10.45400000
C -4.53300000 13.23500000 10.15300000
C -2.51100000 12.87600000 11.26700000
C -3.82300000 12.61100000 11.12500000
N -2.43400000 16.10900000 5.55200000
C -2.79700000 17.12800000 4.55900000
C -3.51200000 18.19900000 5.38500000
O -4.15300000 17.89700000 6.41400000
N -3.38400000 19.42600000 4.90400000
C -3.97900000 20.60600000 5.54600000
C -5.42900000 20.27700000 5.90300000
O -5.81900000 20.28600000 7.09100000
C -3.93600000 21.83200000 4.61300000
C -4.77600000 23.03000000 5.09600000
C -4.60000000 24.20200000 4.15100000
N -5.72000000 24.28800000 3.19900000
C -6.89900000 24.87900000 3.49100000
N -7.40100000 24.83800000 4.73300000
N -7.55300000 25.50800000 2.53100000
N -6.19000000 19.98900000 4.85900000
C -7.58800000 19.55700000 4.97900000
C -7.97900000 18.28600000 5.73400000
O -9.00900000 18.24800000 6.44200000
C -8.28100000 19.72200000 3.49300000
S -9.06200000 21.20200000 2.77700000
N -7.13900000 17.27800000 5.56500000
C -7.29800000 15.98100000 6.23300000
C -7.22000000 16.06700000 7.75800000
O -8.01000000 15.42600000 8.48100000
C -6.19700000 14.97400000 5.79800000
C -6.33100000 13.53100000 6.32700000
C -5.10900000 12.59000000 6.00500000
O -4.25200000 13.26300000 5.43300000
O -5.11200000 11.43200000 6.29900000
N -6.26700000 16.87100000 8.20500000
C -6.06500000 17.16100000 9.62800000
C -7.16600000 18.02700000 10.24200000
O -7.58500000 17.81200000 11.39900000
C -4.72100000 17.88600000 9.83400000
C -4.36600000 18.33700000 11.23500000
C -4.13400000 17.12900000 12.11000000
C -3.13200000 19.20500000 11.21600000
N -7.61000000 18.98400000 9.44200000
C -8.68100000 19.91500000 9.82100000
C -9.82700000 18.96900000 10.16800000
O -10.36100000 18.99000000 11.29800000
C -9.16400000 20.76300000 8.63300000
N -10.17500000 18.15800000 9.18100000
C -11.22700000 17.14300000 9.31100000
C -11.17600000 16.30500000 10.58900000
O -12.19800000 16.13400000 11.28900000
C -11.03500000 16.16000000 8.14700000
N -9.98000000 15.81100000 10.86200000
C -9.71000000 14.96200000 12.03000000
C -9.78500000 15.58800000 13.42300000
O -10.25100000 14.95000000 14.39200000
C -8.26200000 14.48500000 11.85100000
N -9.32900000 16.82600000 13.48500000
C -9.31200000 17.61600000 14.72300000
C -10.75600000 17.95300000 15.08200000
O -11.13300000 17.99000000 16.27300000
C -8.47700000 18.90400000 14.51800000
C -6.99700000 18.59000000 14.46600000
S -6.00800000 20.07700000 14.38400000
C -6.22300000 20.64900000 16.04600000
N -11.53200000 18.18700000 14.03600000
C -12.96800000 18.47400000 14.14800000
C -13.67500000 17.26500000 14.76200000
O -14.39800000 17.38600000 15.77400000
C -13.57800000 18.78200000 12.78500000
C -14.58500000 19.91700000 12.78400000
C -15.64900000 19.70300000 11.71100000
C -16.99000000 20.28400000 12.13100000
N -18.06300000 19.85700000 11.20500000
N -13.44200000 16.12600000 14.13000000
C -14.06900000 14.85600000 14.51100000
C -13.73800000 14.62300000 15.98600000
O -14.57800000 14.12000000 16.76300000
C -13.54300000 13.69300000 13.64600000
C -14.60300000 12.63200000 13.29200000
C -14.52900000 11.47500000 14.26900000
N -13.26000000 10.74300000 14.12800000
C -12.93600000 9.66800000 14.87900000
N -13.59200000 9.40200000 16.01800000
N -11.96300000 8.87300000 14.47200000
N -12.51700000 15.00100000 16.33300000
C -12.02700000 14.96300000 17.71700000
C -12.43900000 16.05300000 18.70400000
O -11.86300000 16.17600000 19.80700000
C -10.50000000 14.98300000 17.69800000
C -10.09900000 13.53100000 17.61400000
N -9.92500000 12.88300000 16.40100000
C -9.86700000 12.60200000 18.57600000
C -9.60700000 11.62500000 16.63900000
N -9.54500000 11.44500000 17.93900000
N -13.43500000 16.81600000 18.28100000
C -14.01800000 17.89600000 19.08700000
C -13.26400000 19.18000000 19.43600000
O -13.62800000 19.90400000 20.38800000
N -12.22900000 19.43000000 18.64900000
C -11.40400000 20.64000000 18.76600000
C -11.80800000 21.99300000 18.18000000
O -11.25700000 23.05000000 18.55800000
C -10.02200000 20.39900000 18.12900000
C -8.92100000 19.85500000 19.01200000
C -7.64500000 19.74300000 18.21200000
C -8.70500000 20.75300000 20.20500000
N -12.76900000 21.92400000 17.27200000
C -13.36500000 23.10900000 16.64100000
C -14.01100000 23.78200000 17.85400000
O -14.85400000 23.17800000 18.55300000
C -14.34500000 22.66600000 15.53200000
C -14.87600000 23.84900000 14.76400000
O -14.23600000 24.85100000 14.49800000
O -15.99800000 23.73600000 14.35200000
N -13.59900000 25.02300000 18.06700000
C -14.08000000 25.84800000 19.18300000
C -13.90700000 25.45000000 20.64900000
O -14.55200000 26.02200000 21.55300000
C -15.60200000 26.06800000 19.04600000
C -15.92900000 26.92300000 17.84900000
O -15.31000000 28.16600000 17.81600000
N -16.72000000 26.62200000 16.97200000
N -13.03200000 24.47600000 20.84500000
C -12.72400000 23.92700000 22.17200000
C -12.15500000 25.19800000 22.80400000
O -11.27400000 25.86800000 22.22300000
C -11.76500000 22.73500000 22.00600000
C -11.57200000 22.20700000 23.43500000
C -12.60300000 21.43200000 23.99800000
C -10.47100000 22.53600000 24.17900000
C -12.43600000 20.93600000 25.35800000
C -10.29800000 22.05700000 25.51300000
C -11.33700000 21.29100000 26.05800000
O -11.18900000 20.84300000 27.35400000
N -12.67300000 25.49300000 23.98700000
C -12.26100000 26.66100000 24.77600000
C -12.27700000 28.00600000 24.04800000
O -11.68200000 29.00000000 24.51800000
C -10.82300000 26.49700000 25.30900000
C -10.71700000 25.69000000 26.61700000
C -11.77100000 26.15500000 27.60200000
N -11.45300000 25.70600000 28.96700000
C -10.85800000 26.49600000 29.88800000
N -10.40000000 27.71200000 29.55800000
N -10.74000000 26.05500000 31.12700000
N -12.96500000 28.00100000 22.91800000
C -13.14000000 29.19400000 22.07900000
C -12.17900000 29.51300000 20.93400000
O -12.18000000 30.63500000 20.38400000
N -11.38300000 28.50800000 20.60200000
C -10.43500000 28.57100000 19.48200000
C -11.08000000 27.84300000 18.30200000
O -11.31400000 26.61600000 18.35100000
C -9.10800000 27.93300000 19.92100000
C -8.47500000 28.79900000 21.02000000
C -7.77600000 29.95500000 20.62800000
C -8.51500000 28.42800000 22.33600000
C -7.16200000 30.77900000 21.66200000
C -7.91500000 29.22700000 23.35700000
C -7.22000000 30.37300000 22.94800000
O -6.61700000 31.13800000 23.92400000
N -11.34500000 28.62400000 17.26600000
C -11.77900000 28.10700000 15.96100000
C -10.83400000 27.00500000 15.48200000
O -9.63200000 26.99100000 15.82500000
C -11.80800000 29.22000000 14.93700000
O -10.79800000 29.06000000 13.94400000
N -11.40600000 26.11000000 14.69200000
C -10.67300000 24.99200000 14.08400000
C -9.36000000 25.44400000 13.45000000
O -8.31500000 24.77100000 13.58500000
C -11.54000000 24.31900000 13.00200000
C -11.38100000 22.82700000 12.79000000
C -12.16000000 22.40500000 11.56700000
C -9.92400000 22.46800000 12.62000000
N -9.44500000 26.58200000 12.77500000
C -8.31200000 27.18100000 12.06300000
C -7.10800000 27.50000000 12.95000000
O -5.94100000 27.38900000 12.51700000
N -7.42800000 27.88400000 14.17500000
C -6.43000000 28.27300000 15.17900000
C -5.53700000 27.05900000 15.43100000
O -4.31300000 27.19100000 15.64600000
C -7.14700000 28.74000000 16.46200000
C -7.35700000 30.23100000 16.46300000
O -6.20900000 30.99700000 16.60900000
N -8.44200000 30.78000000 16.40400000
N -6.17700000 25.90200000 15.39000000
C -5.50500000 24.60900000 15.55900000
C -4.66500000 23.98300000 14.44600000
O -3.61200000 23.36100000 14.70400000
C -6.55400000 23.55500000 15.90800000
C -7.26900000 23.84000000 17.28000000
C -8.52300000 24.25000000 17.51300000
C -6.70600000 23.65000000 18.54300000
N -8.73200000 24.39600000 18.94000000
C -7.67400000 23.99900000 19.52900000
C -5.46400000 23.21900000 18.94400000
C -7.47600000 23.93500000 20.91000000
C -5.27000000 23.17200000 20.34000000
C -6.24700000 23.47600000 21.27500000
N -5.15400000 24.17100000 13.23200000
C -4.49200000 23.68200000 12.01700000
C -3.25300000 24.56100000 11.84300000
O -2.17100000 24.07900000 11.44400000
C -5.45100000 23.76700000 10.83800000
C -4.80500000 23.51400000 9.45500000
C -6.68800000 22.93700000 11.05400000
N -3.44600000 25.83300000 12.15300000
C -2.40200000 26.85700000 12.02600000
C -1.22000000 26.54100000 12.94400000
O -0.05200000 26.50000000 12.50000000
C -2.78900000 28.17000000 12.10500000
S -1.56100000 29.50800000 11.98900000
N -1.56000000 26.31900000 14.20300000
C -0.57800000 26.08500000 15.26900000
C 0.25000000 24.86800000 14.85700000
O 1.49500000 24.86500000 14.97000000
C -1.29000000 25.69900000 16.57400000
N -0.46800000 23.86400000 14.38300000
C 0.12000000 22.58700000 13.96200000
C 1.05200000 22.61700000 12.75100000
O 2.03800000 21.85100000 12.67600000
C -1.06400000 21.69000000 13.57200000
N 0.71600000 23.50800000 11.83400000
C 1.47600000 23.70900000 10.59500000
C 2.87700000 24.20800000 10.95300000
O 3.89500000 23.56500000 10.61900000
C 0.78800000 24.71900000 9.68500000
C 1.69100000 25.35100000 8.64300000
C 2.00200000 24.36900000 7.52300000
C 2.85700000 25.00900000 6.44100000
N 3.36700000 23.98900000 5.50000000
N 2.88800000 25.34500000 11.63000000
C 4.12000000 25.98200000 12.10800000
C 4.86400000 25.38400000 13.30300000
O 5.96900000 25.83800000 13.66900000
C 3.82300000 27.42100000 12.48400000
C 3.52200000 28.10400000 11.18200000
C 2.35200000 28.77000000 11.04300000
C 4.43000000 28.14200000 10.15500000
C 2.01500000 29.45200000 9.83900000
C 4.09900000 28.87000000 8.96300000
C 2.90500000 29.47200000 8.81800000
N 4.23500000 24.37100000 13.87600000
C 4.71000000 23.72500000 15.10500000
C 5.49200000 22.52200000 14.57700000
O 6.67200000 22.31100000 14.93300000
C 3.52900000 23.29200000 16.01800000
C 3.78100000 23.31900000 17.53900000
C 4.67200000 24.51500000 18.04100000
O 5.84000000 24.26900000 17.74300000
O 4.20200000 25.45300000 18.61100000
N 4.81100000 21.76600000 13.73300000
C 5.34900000 20.53100000 13.15000000
C 5.26900000 20.15200000 11.67200000
O 5.68300000 19.04400000 11.26600000
C 4.71300000 19.32300000 13.80000000
O 3.31200000 19.25500000 13.54800000
N 4.73900000 21.08900000 10.90300000
C 4.54000000 20.92300000 9.45900000
C 3.67500000 19.69800000 9.16600000
O 3.92300000 18.94900000 8.20000000
C 5.90900000 20.78500000 8.76100000
C 5.92200000 21.49300000 7.43400000
O 5.14500000 22.64100000 7.36000000
N 6.50600000 21.09800000 6.44100000
N 2.67400000 19.52900000 10.01500000
C 1.70000000 18.43800000 9.89900000
C 2.30800000 17.03700000 9.94100000
O 1.67700000 16.04800000 9.51200000
C 0.93200000 18.59400000 8.60200000
C 0.12200000 19.84700000 8.43900000
C -0.39900000 20.44100000 9.53300000
C -0.03900000 20.45200000 7.21900000
C -1.16300000 21.64100000 9.44500000
C -0.77200000 21.68400000 7.14700000
C -1.33900000 22.22800000 8.24000000
N 3.52300000 16.99200000 10.46500000
C 4.27400000 15.74600000 10.64400000
C 4.24600000 15.35100000 12.12100000
O 4.87300000 16.00900000 12.97700000
C 5.72200000 15.93800000 10.14900000
C 6.54000000 14.68900000 10.34600000
O 5.83200000 13.56800000 10.75700000
N 7.75000000 14.62400000 10.22500000
N 3.51800000 14.27600000 12.37900000
C 3.38300000 13.70200000 13.72300000
C 4.58600000 13.02100000 14.37900000
O 4.61600000 12.81200000 15.61100000
C 2.24500000 12.66600000 13.66100000
O 2.86300000 11.50200000 13.12300000
C 1.10700000 13.11200000 12.78200000
N 5.55000000 12.69600000 13.53300000
C 6.82400000 12.10400000 13.95700000
C 7.90100000 13.08400000 14.42400000
O 8.99900000 12.67700000 14.85900000
C 7.37200000 11.30300000 12.80900000
C 6.65000000 10.04700000 12.57700000
C 7.50600000 8.89100000 12.04200000
O 7.56500000 8.71800000 10.77700000
N 8.16500000 8.20000000 12.87200000
N 7.55200000 14.35700000 14.32300000
C 8.42700000 15.46300000 14.73000000
C 8.80700000 15.52300000 16.21100000
O 7.96400000 15.28300000 17.10300000
C 7.64700000 16.75100000 14.43500000
N 10.07100000 15.84800000 16.43200000
C 10.62200000 16.06100000 17.77600000
C 11.63700000 17.19900000 17.67200000
O 12.21800000 17.44800000 16.59300000
C 11.23500000 14.72600000 18.23400000
O 12.26100000 14.46900000 17.28100000
C 10.23100000 13.60400000 18.24100000
N 11.82700000 17.85900000 18.80400000
C 12.81000000 18.94000000 18.94900000
C 13.22300000 19.11700000 20.41100000
O 12.36900000 19.30200000 21.30400000
C 12.21500000 20.25600000 18.40600000
C 12.02900000 20.20000000 16.91200000
O 13.19800000 20.20400000 16.16200000
N 10.95200000 20.21100000 16.34200000
N 14.53000000 19.06000000 20.61300000
C 15.14700000 19.25700000 21.93200000
C 15.35800000 20.73900000 22.24300000
O 15.78300000 21.52800000 21.37100000
C 16.51700000 18.55400000 22.01700000
C 17.04600000 18.36100000 23.45000000
C 17.65600000 16.98200000 23.59900000
N 17.32100000 16.39200000 24.90400000
C 17.97800000 15.33900000 25.43100000
N 18.85900000 14.69700000 24.68600000
N 17.73900000 14.93900000 26.68800000
N 15.05900000 21.07800000 23.48800000
C 15.13900000 22.45800000 23.99100000
C 16.43800000 22.40300000 24.79800000
O 16.93000000 21.31000000 25.15200000
C 13.87200000 22.78500000 24.80400000
C 12.62200000 22.56300000 23.99300000
O 11.81100000 21.51700000 24.41600000
N 12.32300000 23.18600000 22.99000000
N 16.95500000 23.59100000 25.07100000
C 18.08900000 23.78100000 25.98500000
C 18.03300000 23.17900000 27.38900000
O 19.05400000 22.69800000 27.92600000
C 18.29500000 25.30000000 26.14200000
O 16.97300000 25.82200000 26.22200000
C 19.03100000 25.90600000 24.97800000
N 16.83300000 23.21700000 27.94500000
C 16.58900000 22.87500000 29.35200000
C 16.52600000 21.35100000 29.45200000
O 16.39000000 20.78200000 30.55700000
C 15.27600000 23.53500000 29.82400000
C 14.07100000 22.77300000 29.33500000
O 14.14700000 22.30700000 28.02900000
O 13.04900000 22.60000000 29.97600000
N 16.63200000 20.73000000 28.28900000
C 16.85500000 19.28400000 28.17000000
C 15.57700000 18.48500000 27.91300000
O 15.62300000 17.27000000 27.62300000
N 14.46600000 19.19700000 28.02200000
C 13.14500000 18.68500000 27.63600000
C 13.15400000 18.55500000 26.11300000
O 14.05600000 19.08000000 25.42500000
C 12.05800000 19.63000000 28.09800000
O 11.84900000 20.69600000 27.17600000
N 12.14000000 17.85900000 25.62500000
C 11.97100000 17.58100000 24.19400000
C 10.48800000 17.81100000 23.90300000
O 9.62100000 17.61800000 24.78200000
C 12.45400000 16.13800000 23.95100000
O 13.87000000 16.22000000 24.07300000
C 12.07100000 15.62600000 22.58900000
N 10.23700000 18.21500000 22.66800000
C 8.88500000 18.51800000 22.18300000
C 8.48000000 17.35100000 21.28100000
O 9.30000000 16.82500000 20.49900000
C 8.89500000 19.86700000 21.43300000
C 8.86400000 21.02800000 22.39100000
O 8.97700000 20.93600000 23.60100000
O 8.77800000 22.11400000 21.88500000
N 7.21600000 16.98300000 21.41300000
C 6.63600000 15.84100000 20.70000000
C 5.25500000 15.83500000 20.04400000
O 4.24900000 16.25800000 20.65300000
C 6.58000000 14.63600000 21.65500000
C 7.87600000 14.22900000 22.37100000
C 8.55600000 13.08900000 21.90700000
C 8.32500000 14.89900000 23.47700000
C 9.78100000 12.68700000 22.58600000
C 9.52300000 14.51200000 24.15100000
C 10.18500000 13.37200000 23.67700000
O 11.33000000 12.97700000 24.33500000
N 5.24300000 15.34300000 18.81600000
C 4.04600000 15.33500000 17.96600000
C 3.69900000 16.44300000 16.97400000
O 4.51100000 17.35800000 16.72100000
N 2.49300000 16.33300000 16.44100000
C 1.91100000 17.34900000 15.55500000
C 1.72200000 18.71300000 16.22100000
O 1.80100000 19.77000000 15.55800000
C 0.51000000 16.93100000 15.04300000
C 0.11800000 17.63600000 13.71600000
C -0.37000000 17.23400000 16.25900000
C 0.37100000 16.77800000 12.45500000
N 1.48100000 18.65200000 17.52100000
C 1.28400000 19.84200000 18.35900000
C 2.43500000 20.17400000 19.31000000
O 2.32900000 21.08700000 20.15600000
C 0.01900000 19.67500000 19.22300000
C -1.17700000 20.54800000 18.90700000
C -0.98400000 21.19700000 17.55700000
C -2.44700000 19.73100000 18.90700000
N 3.51100000 19.42100000 19.13900000
C 4.74200000 19.59100000 19.92100000
C 4.62200000 19.80500000 21.43100000
O 5.07800000 20.83400000 21.97400000
C 5.49400000 20.76600000 19.36200000
C 6.09200000 20.50200000 18.04700000
C 7.25600000 19.50100000 18.04900000
O 8.42100000 19.92900000 18.35100000
N 6.99900000 18.28300000 17.81200000
N 4.01000000 18.82100000 22.06900000
C 3.80500000 18.81200000 23.52400000
C 5.12400000 18.50500000 24.23300000
O 5.87400000 17.58800000 23.83200000
C 2.77000000 17.74100000 23.95100000
C 1.35700000 17.99500000 23.35600000
C 2.88200000 17.79000000 25.47600000
C 0.67200000 16.72200000 22.80900000
N 5.37000000 19.28200000 25.27800000
C 6.59800000 19.18700000 26.07900000
C 6.65700000 18.09800000 27.15000000
O 5.64600000 17.79700000 27.82100000
C 6.85000000 20.52900000 26.79900000
C 8.30400000 20.69500000 27.15600000
O 8.62400000 20.46300000 28.48800000
N 9.17300000 21.06400000 26.38600000
N 7.84900000 17.53600000 27.28500000
C 8.13500000 16.48600000 28.27000000
C 8.45900000 16.82900000 29.72500000
O 8.57000000 15.93600000 30.58900000
C 9.32800000 15.66600000 27.83200000
O 10.54900000 16.38600000 27.95600000
N 8.59700000 18.12600000 29.95700000
C 8.93500000 18.67400000 31.27700000
C 7.66900000 18.67900000 32.13600000
O 7.73400000 18.58600000 33.38000000
C 9.49000000 20.10700000 31.16200000
C 9.44200000 20.91700000 32.47100000
C 10.78600000 21.56800000 32.73000000
N 11.02800000 21.72600000 34.17300000
C 12.19700000 22.17000000 34.68400000
N 13.26100000 22.21400000 33.90200000
N 12.28600000 22.55400000 35.96600000
N 6.54700000 18.78300000 31.44200000
C 5.21500000 18.74700000 32.05900000
C 4.04200000 17.83600000 31.69800000
O 3.34500000 17.29800000 32.58500000
C 4.58300000 20.13400000 31.94300000
C 5.54800000 21.36800000 32.08100000
C 6.26500000 21.99300000 31.13600000
C 5.78500000 22.08800000 33.25600000
N 7.02600000 23.07300000 31.73600000
C 6.69900000 23.14200000 32.96700000
C 5.31300000 21.94000000 34.54000000
C 7.17200000 24.07600000 33.89300000
C 5.80700000 22.87900000 35.47000000
C 6.66400000 23.92200000 35.14800000
N 3.85800000 17.68500000 30.39600000
C 2.81100000 16.82600000 29.82800000
C 2.89700000 15.32100000 29.58800000
O 1.87800000 14.59900000 29.65200000
C 2.43700000 17.35800000 28.44400000
C 2.32700000 18.89900000 28.74100000
C 3.07500000 19.90800000 28.27300000
C 1.35000000 19.50600000 29.53700000
N 2.61400000 21.16200000 28.84000000
C 1.57800000 20.91300000 29.54100000
C 0.29600000 18.99400000 30.25800000
C 0.80200000 21.85400000 30.22600000
C -0.47200000 19.94900000 30.95600000
C -0.25100000 21.31800000 30.90500000
N 4.11900000 14.88500000 29.32300000
C 4.41800000 13.48600000 28.99400000
C 5.82700000 13.02500000 29.37500000
O 6.79400000 13.81600000 29.34200000
C 4.29400000 13.17500000 27.34200000
S 5.62200000 13.97900000 26.39000000
N 5.90300000 11.75000000 29.72200000
C 7.17100000 11.07400000 30.02700000
C 7.86100000 10.44000000 28.81700000
O 7.26300000 9.61300000 28.09500000
C 6.93000000 9.96900000 31.07800000
C 8.23000000 9.39300000 31.57700000
O 9.19000000 10.05100000 31.93500000
N 8.26400000 8.19600000 31.66800000
N 9.10900000 10.84500000 28.63300000
C 10.02000000 10.22100000 27.66600000
C 11.23500000 9.65300000 28.40300000
O 12.22600000 9.22200000 27.77500000
C 10.45400000 11.26700000 26.61500000
C 11.27000000 12.36800000 27.24000000
O 11.33400000 12.35000000 28.62800000
O 11.80700000 13.27200000 26.62500000
N 11.12000000 9.66400000 29.72200000
C 12.12100000 9.07400000 30.62000000
C 13.57400000 9.55000000 30.67600000
O 14.46000000 8.85500000 31.21800000
N 13.77800000 10.73100000 30.11400000
C 15.05000000 11.45900000 30.21200000
C 14.96000000 12.97200000 30.42000000
O 15.93300000 13.71600000 30.16900000
C 15.89800000 11.27600000 28.93600000
C 15.31600000 11.95700000 27.68200000
C 16.41700000 12.21200000 26.67100000
N 15.86100000 12.66800000 25.38600000
C 16.61100000 13.22500000 24.40900000
N 17.94900000 13.22500000 24.48500000
N 16.00400000 13.76600000 23.36700000
N 13.78900000 13.38600000 30.88100000
C 13.56800000 14.73500000 31.41400000
C 13.17500000 14.68500000 32.89000000
O 12.00800000 14.40200000 33.23800000
C 12.47400000 15.39000000 30.54900000
O 12.80200000 15.00100000 29.21900000
C 12.46500000 16.88500000 30.67200000
N 14.16500000 14.96800000 33.72200000
C 14.00000000 15.01100000 35.17900000
C 13.07700000 15.70800000 36.17900000
O 12.64000000 15.10600000 37.18300000
C 15.37100000 15.31900000 35.68700000
C 16.30800000 15.08300000 34.51900000
C 15.47200000 15.43300000 33.29300000
N 12.80000000 16.96000000 35.87000000
C 11.88900000 17.79700000 36.66000000
C 10.54800000 17.09500000 36.45100000
O 9.65800000 17.12600000 37.32800000
N 10.44300000 16.47200000 35.29000000
C 9.19500000 15.86200000 34.82000000
C 7.91200000 15.47700000 35.55600000
O 7.89000000 14.51800000 36.35700000
C 9.47300000 14.51200000 34.19900000
O 9.50600000 14.57400000 32.77700000
N 6.87100000 16.23400000 35.25800000
C 5.53000000 16.00900000 35.80800000
C 5.08300000 15.42600000 34.46900000
O 5.56300000 15.83800000 33.39100000
C 4.89500000 17.32700000 36.28900000
C 4.90800000 17.52000000 37.81600000
C 5.30400000 18.94100000 38.15800000
N 6.05000000 18.99300000 39.42500000
C 7.18600000 19.70400000 39.58800000
N 7.77600000 20.30600000 38.54600000
N 7.71000000 19.80500000 40.79500000
N 4.16500000 14.47900000 34.57500000
C 3.59500000 13.78300000 33.41600000
C 2.08600000 13.96500000 33.57700000
O 1.33900000 12.99000000 33.80600000
C 4.04400000 12.30700000 33.42800000
C 3.30200000 11.49700000 32.39800000
O 3.09900000 10.29900000 32.46700000
N 2.76800000 12.22000000 31.33800000
N 1.67900000 15.21700000 33.44700000
C 0.28400000 15.63000000 33.64500000
C -0.74200000 15.01600000 32.69400000
O -1.95000000 14.93800000 33.01000000
C 0.16100000 17.15500000 33.49700000
C 0.41200000 18.00800000 34.72200000
C -0.38900000 17.47000000 35.88300000
C 1.88000000 18.01600000 35.06800000
N -0.23100000 14.58900000 31.55100000
C -1.03500000 13.95400000 30.50100000
C -1.17700000 12.45200000 30.74600000
O -2.04400000 11.78000000 30.14600000
C -1.30000000 14.44100000 29.12900000
S -1.50200000 16.17300000 28.62400000
N -0.32000000 11.96700000 31.63100000
C -0.11700000 10.52900000 31.84400000
C -0.01800000 9.73400000 30.54200000
O -0.80300000 8.79100000 30.30000000
C -1.27900000 9.96300000 32.68800000
C -0.80100000 9.49300000 34.03600000
O -0.10200000 8.29300000 34.03800000
N -1.03300000 10.05300000 35.09100000
N 0.95300000 10.13500000 29.73900000
C 1.25300000 9.48600000 28.45700000
C 2.78000000 9.49100000 28.37400000
O 3.45100000 10.41500000 28.88200000
C 0.63100000 10.25400000 27.26500000
C 0.12400000 9.31200000 26.13900000
C 1.76200000 11.21300000 26.88900000
C -0.73200000 8.13200000 26.65200000
N 3.28800000 8.45600000 27.72700000
C 4.71300000 8.33000000 27.41200000
C 4.64000000 9.23100000 26.17900000
O 3.68900000 9.14400000 25.37200000
C 4.92100000 6.85400000 27.25900000
C 3.59200000 6.12300000 27.23900000
C 2.56900000 7.20200000 27.57800000
N 5.65600000 10.07200000 26.06600000
C 5.80800000 10.99700000 24.93600000
C 5.68900000 10.38300000 23.54200000
O 5.10200000 10.98800000 22.61800000
C 7.11500000 11.72000000 25.13400000
S 7.22600000 12.79400000 26.59700000
N 6.24800000 9.18900000 23.42900000
C 6.26100000 8.42500000 22.17600000
C 4.86300000 8.25800000 21.58100000
O 4.68100000 8.28000000 20.34400000
C 6.84500000 7.04900000 22.40400000
O 6.16700000 6.34500000 23.43900000
N 3.90800000 8.10000000 22.48300000
C 2.48900000 7.96900000 22.13400000
C 1.95600000 9.12400000 21.28700000
O 0.97900000 8.96700000 20.52300000
C 1.68900000 7.99300000 23.44600000
N 2.62100000 10.25800000 21.44300000
C 2.13800000 11.54700000 20.93300000
C 2.57700000 11.63400000 19.47100000
O 2.14000000 12.53200000 18.71800000
C 2.72600000 12.69900000 21.76900000
C 2.20500000 12.89000000 23.17800000
C 2.77600000 14.16200000 23.75700000
C 0.69800000 12.95400000 23.18100000
N 3.43000000 10.68900000 19.10700000
C 3.97800000 10.58400000 17.74900000
C 3.37800000 9.65400000 16.69500000
O 3.82600000 9.62700000 15.52800000
C 5.45200000 10.14200000 17.80800000
C 6.40100000 10.95000000 18.66800000
C 7.81100000 10.44800000 18.47000000
C 6.32100000 12.41400000 18.31200000
N 2.37200000 8.91700000 17.13600000
C 1.74300000 7.85800000 16.33800000
C 0.81100000 8.62800000 15.40100000
O 0.51500000 9.82200000 15.62400000
C 1.00600000 6.88900000 17.23500000
O -0.35800000 7.25800000 17.41400000
N 0.37000000 7.91700000 14.37700000
C -0.49300000 8.47400000 13.32800000
C -1.96100000 8.77500000 13.63000000
O -2.65200000 9.46400000 12.84700000
C -0.54400000 7.54000000 12.13800000
O 0.71400000 6.92000000 11.89100000
N -2.39700000 8.25200000 14.76500000
C -3.70300000 8.58000000 15.34900000
C -3.27800000 9.70800000 16.29000000
O -2.35800000 9.54400000 17.11900000
C -4.29600000 7.32600000 16.02600000
C -5.65100000 7.60900000 16.61900000
O -5.86800000 8.41400000 17.50700000
O -6.57000000 7.02200000 16.11600000
N -3.96800000 10.82700000 16.13700000
C -3.67600000 12.05800000 16.88200000
C -4.47600000 12.19100000 18.17900000
O -4.44900000 13.24600000 18.84800000
C -3.99900000 13.32400000 16.05000000
C -5.52000000 13.50300000 15.79000000
C -3.12000000 13.11700000 14.81400000
C -5.89300000 14.88100000 15.19700000
N -5.16600000 11.10800000 18.50000000
C -6.13700000 11.07300000 19.60100000
C -5.51800000 11.51400000 20.92800000
O -6.07100000 12.37900000 21.64100000
C -6.67600000 9.63200000 19.68400000
O -7.38900000 9.45600000 18.46400000
C -7.59000000 9.42600000 20.86200000
N -4.37800000 10.90800000 21.22000000
C -3.60900000 11.18800000 22.43900000
C -3.09300000 12.62300000 22.54400000
O -3.06200000 13.21900000 23.64200000
C -2.36600000 10.28500000 22.40700000
N -2.70400000 13.14200000 21.39000000
C -2.27100000 14.53800000 21.24300000
C -3.33500000 15.61500000 21.45000000
O -3.08800000 16.64600000 22.10700000
C -1.70900000 14.77100000 19.85800000
O -0.48500000 14.07300000 19.65300000
N -4.49900000 15.33900000 20.88500000
C -5.69600000 16.16800000 21.06500000
C -6.00000000 16.14400000 22.56300000
O -6.05000000 17.20100000 23.22900000
C -6.83900000 15.62100000 20.22200000
C -8.25600000 15.94000000 20.75800000
C -6.68500000 15.96700000 18.76400000
N -6.19100000 14.93300000 23.05600000
C -6.64900000 14.68700000 24.42900000
C -5.79800000 15.51600000 25.39200000
O -6.31800000 16.11400000 26.35700000
C -6.54300000 13.18000000 24.74700000
C -7.85500000 12.47500000 24.51700000
O -8.90500000 13.28600000 24.10600000
N -8.05400000 11.29100000 24.71900000
N -4.50700000 15.53000000 25.09800000
C -3.49100000 16.13200000 25.96800000
C -3.46000000 17.64000000 25.71700000
O -3.31200000 18.44800000 26.65800000
C -2.10400000 15.66100000 25.61400000
S -0.75100000 16.28600000 26.65500000
N -3.60800000 17.97800000 24.44600000
C -3.64200000 19.37200000 23.98400000
C -4.80600000 20.14600000 24.60400000
O -4.72800000 21.37600000 24.80800000
C -3.88400000 19.37100000 22.46700000
N -5.85900000 19.39700000 24.89200000
C -7.07700000 19.93000000 25.51500000
C -6.78700000 20.41800000 26.93600000
O -7.22100000 21.51800000 27.34100000
C -8.17300000 18.87200000 25.57700000
C -8.86400000 18.59700000 24.25300000
C -10.30300000 18.15200000 24.47100000
C -10.94300000 17.67600000 23.17500000
N -11.37200000 16.26500000 23.28500000
N -6.05300000 19.58300000 27.65500000
C -5.56400000 19.89900000 29.00300000
C -4.65000000 21.12300000 29.08300000
O -4.71400000 21.91400000 30.04800000
C -4.77700000 18.73400000 29.59200000
C -5.63100000 17.62900000 30.18500000
C -5.01200000 17.09000000 31.47000000
C -6.04000000 16.36500000 32.32500000
N -5.84800000 16.67600000 33.75800000
N -3.82200000 21.24700000 28.05700000
C -2.69500000 22.18800000 28.04300000
C -3.44300000 23.52000000 27.95700000
O -3.25800000 24.42000000 28.80300000
C -1.75900000 21.94600000 26.83300000
C -0.71900000 20.82200000 27.09100000
C -1.19700000 23.34800000 26.58900000
C -0.36800000 19.99700000 25.83200000
N -4.27700000 23.60500000 26.93300000
C -5.12600000 24.77700000 26.68400000
C -6.22000000 25.28700000 27.62300000
O -6.57900000 26.48500000 27.60400000
C -5.88100000 24.59900000 25.37400000
C -7.24200000 23.86900000 25.50000000
C -5.99100000 25.88800000 24.60200000
N -6.71900000 24.36100000 28.42600000
C -7.75400000 24.64000000 29.42900000
C -7.14800000 25.34700000 30.64400000
O -7.85600000 26.04200000 31.40400000
C -8.41100000 23.35400000 29.88000000
O -9.39400000 22.90100000 28.95200000
N -5.84600000 25.15100000 30.79100000
C -5.19500000 25.02800000 32.10100000
C -4.68800000 26.40700000 32.52600000
O -4.19600000 26.59200000 33.66000000
C -4.04000000 24.00800000 32.01000000
C -4.25000000 23.03800000 30.87500000
O -5.31500000 22.51700000 30.59200000
O -3.28900000 22.83100000 30.18700000
N -4.82700000 27.34300000 31.60000000
C -4.56400000 28.76600000 31.85000000
C -4.18900000 29.89900000 30.89300000
O -4.79700000 30.99000000 30.91500000
N -3.19400000 29.60300000 30.07100000
C -2.65900000 30.55100000 29.08500000
C -3.23500000 30.40400000 27.67600000
O -2.77400000 31.06200000 26.71800000
C -1.12600000 30.39100000 28.99200000
C -0.48500000 30.44800000 30.35400000
O -0.59700000 31.37400000 31.13800000
N 0.12600000 29.46700000 30.68000000
N -4.23600000 29.54400000 27.59000000
C -4.93300000 29.24700000 26.33200000
C -3.78100000 28.78900000 25.43700000
O -2.78800000 28.19900000 25.91500000
N -3.94400000 29.07900000 24.15600000
C -2.99600000 28.66700000 23.11300000
C -1.66400000 29.41600000 23.04400000
O -0.85400000 29.20600000 22.11400000
C -3.64500000 28.82100000 21.71500000
C -4.90500000 27.99000000 21.60600000
S -5.27100000 27.55900000 19.90900000
C -3.74000000 26.77900000 19.48100000
N -1.47100000 30.27000000 24.03800000
C -0.25200000 31.07700000 24.17900000
C 0.83400000 30.08300000 24.59100000
O 2.04600000 30.37600000 24.49800000
C -0.48600000 32.19000000 25.22400000
C -1.27600000 33.33200000 24.64100000
O -0.73800000 33.91100000 23.49800000
N -2.29100000 33.79900000 25.12900000
N 0.36800000 28.92600000 25.03300000
C 1.23100000 27.86000000 25.55900000
C 2.09700000 27.35700000 24.40400000
O 3.11900000 26.66900000 24.61600000
C 0.37700000 26.66300000 26.00900000
N 1.66500000 27.72000000 23.20700000
C 2.35800000 27.36600000 21.96100000
C 3.01500000 28.58200000 21.30500000
O 2.36100000 29.34300000 20.55800000
C 1.35500000 26.71800000 21.00800000
C 0.97600000 25.22300000 21.32800000
C 1.69700000 24.10800000 21.14500000
C -0.20900000 24.79700000 21.93600000
N 0.92800000 22.95400000 21.57200000
C -0.16600000 23.37900000 22.07300000
C -1.31700000 25.48100000 22.38100000
C -1.17200000 22.59200000 22.64100000
C -2.33300000 24.67600000 22.93900000
C -2.24200000 23.30100000 23.09800000
N 4.29800000 28.72800000 21.59900000
C 5.09400000 29.88700000 21.17100000
C 4.82000000 30.21500000 19.70300000
O 4.59300000 31.38800000 19.33600000
C 6.57500000 29.60300000 21.38200000
C 7.01100000 28.15000000 21.06800000
C 7.44900000 30.62500000 20.70300000
N 4.84400000 29.16200000 18.90200000
C 4.47400000 29.22600000 17.48300000
C 3.11700000 29.80900000 17.08600000
O 3.00700000 30.57900000 16.10700000
C 4.46500000 27.76000000 17.01700000
N 2.11700000 29.42700000 17.86500000
C 0.73200000 29.87300000 17.67000000
C 0.71700000 31.37700000 17.94900000
O 0.27600000 32.18500000 17.10300000
C -0.17800000 29.07300000 18.60200000
C -1.49600000 29.88700000 18.32100000
C -2.35900000 29.77800000 17.30000000
C -2.04100000 30.86600000 19.15700000
N -3.42100000 30.75500000 17.45300000
C -3.24300000 31.35100000 18.56600000
C -1.62400000 31.39000000 20.35900000
C -4.07100000 32.33600000 19.11400000
C -2.45800000 32.39300000 20.89600000
C -3.64700000 32.81400000 20.31800000
N 1.20600000 31.71300000 19.13400000
C 1.32100000 33.10400000 19.59100000
C 1.99300000 34.09800000 18.64300000
O 1.45800000 35.19500000 18.37400000
C 2.12900000 33.19700000 20.90100000
C 2.32300000 34.63100000 21.42800000
C 3.22700000 34.62000000 22.64500000
N 3.35200000 33.26200000 23.20000000
C 4.53300000 32.71100000 23.55400000
N 5.69000000 33.33800000 23.29400000
N 4.53500000 31.54300000 24.17100000
N 3.15200000 33.68200000 18.15600000
C 3.97400000 34.48500000 17.24200000
C 3.70100000 34.53700000 15.73800000
O 4.03600000 35.52800000 15.05500000
C 5.44800000 34.03300000 17.33900000
C 6.09100000 34.52700000 18.60800000
O 5.66600000 35.43900000 19.29500000
N 7.21100000 33.81900000 19.02500000
N 3.09000000 33.46300000 15.26400000
C 2.70700000 33.31500000 13.85400000
C 1.27200000 33.00600000 13.42500000
O 0.96800000 32.90400000 12.21600000
C 3.49400000 32.17400000 13.17700000
C 4.86400000 31.87900000 13.81600000
C 5.57600000 30.78700000 13.04100000
N 5.89400000 31.23000000 11.67400000
C 6.60000000 30.48200000 10.79700000
N 7.45900000 29.54500000 11.22700000
N 6.42700000 30.68000000 9.50200000
N 0.42400000 32.87000000 14.43300000
C -0.97700000 32.46900000 14.25400000
C -1.93900000 33.51000000 14.82700000
O -2.80000000 34.05900000 14.10500000
C -1.47300000 31.10200000 14.66000000
S -0.69200000 29.68200000 13.82900000
N -1.76200000 33.75900000 16.11600000
C -2.48600000 34.81400000 16.83800000
C -2.68300000 36.08700000 16.01400000
O -1.70700000 36.76600000 15.63100000
C -1.75200000 35.21400000 18.11300000
C -2.63900000 35.79200000 19.19900000
C -2.04400000 35.54600000 20.58100000
C -2.52000000 36.58100000 21.58800000
N -1.71400000 36.52100000 22.82700000
N -3.95100000 36.37900000 15.76600000
C -4.37800000 37.63500000 15.13800000
C -4.17200000 37.81500000 13.63400000
O -3.89600000 38.93400000 13.14900000
N -4.31800000 36.70200000 12.93200000
C -4.02300000 36.61400000 11.49600000
C -5.43800000 36.03500000 11.45900000
O -6.05800000 35.77800000 12.51300000
C -2.75200000 35.75600000 11.34400000
O -3.20700000 34.42300000 11.55500000
C -1.69000000 36.11700000 12.34700000
N -5.90900000 35.84100000 10.23700000
C -7.29300000 35.43200000 9.96600000
C -6.90900000 33.97600000 9.70000000
O -6.43200000 33.62600000 8.59900000
C -7.86000000 36.26900000 8.79900000
C -8.09600000 35.41800000 7.58000000
O -9.16000000 35.32000000 6.99400000
O -7.12800000 34.85300000 7.14800000
N -7.13400000 33.16300000 10.72100000
C -6.73000000 31.75100000 10.72600000
C -7.66300000 30.80100000 9.97700000
O -7.27900000 29.66400000 9.62300000
C -6.61400000 31.25200000 12.16000000
C -5.44900000 31.86900000 12.97200000
C -7.92700000 31.32400000 12.89400000
N -8.87000000 31.29600000 9.75000000
C -9.82500000 30.68100000 8.82300000
C -9.32800000 30.23700000 7.45200000
O -9.89200000 29.31400000 6.82700000
C -10.94900000 31.65500000 8.60000000
C -11.87900000 31.74300000 9.72900000
C -13.13700000 32.58600000 9.47400000
O -14.22500000 32.23600000 10.04800000
N -13.02900000 33.62300000 8.75700000
N -8.27000000 30.90600000 7.02000000
C -7.62900000 30.64500000 5.72500000
C -7.00700000 29.25000000 5.64500000
O -6.69300000 28.74700000 4.54400000
C -6.46900000 31.64200000 5.56400000
N -6.85100000 28.66000000 6.81900000
C -6.26800000 27.32200000 6.97500000
C -7.23200000 26.16700000 6.70300000
O -6.81500000 25.05600000 6.30900000
C -5.71400000 27.18800000 8.39300000
C -4.40100000 28.04900000 8.49200000
C -4.16500000 29.15600000 9.20700000
C -3.18700000 27.75600000 7.86300000
N -2.80900000 29.61400000 8.96900000
C -2.23800000 28.75900000 8.21700000
C -2.80400000 26.73600000 7.02300000
C -0.91000000 28.80100000 7.78200000
C -1.46700000 26.79600000 6.57800000
C -0.55300000 27.76200000 6.97600000
N -8.50400000 26.46500000 6.91700000
C -9.60700000 25.56100000 6.57400000
C -10.54600000 25.86900000 5.40600000
O -11.63400000 25.26600000 5.27800000
C -10.60500000 25.40100000 7.74700000
C -11.10100000 26.76200000 8.30700000
C -9.81200000 24.51800000 8.71100000
C -12.21900000 26.63000000 9.36300000
N -10.09400000 26.80000000 4.57900000
C -10.68000000 27.05300000 3.25700000
C -10.40000000 25.83400000 2.37700000
O -9.30200000 25.24100000 2.42700000
C -10.07900000 28.31800000 2.61100000
C -10.88200000 29.60700000 2.86900000
C -10.24100000 30.77300000 2.14300000
N -9.99800000 31.89800000 3.06000000
C -9.02700000 32.81400000 2.86800000
N -8.15300000 32.68700000 1.86000000
N -8.95000000 33.84700000 3.68800000
N -11.40800000 25.49500000 1.58800000
C -11.35400000 24.35800000 0.66100000
C -11.98100000 23.09000000 1.24100000
O -12.49700000 22.22700000 0.49800000
N -11.92300000 23.01400000 2.56200000
C -12.32800000 21.82200000 3.31600000
C -13.81000000 21.46600000 3.44400000
O -14.65800000 22.33300000 3.74700000
C -11.47700000 21.72500000 4.55800000
S -9.74000000 22.24200000 4.38400000
N -14.08100000 20.19100000 3.21300000
C -15.40700000 19.60000000 3.43400000
C -15.22800000 19.41400000 4.94100000
O -14.48700000 18.51600000 5.39600000
C -15.59000000 18.31200000 2.60400000
C -14.71900000 18.24300000 1.33500000
C -14.89100000 16.89700000 0.65800000
N -13.85400000 16.68100000 -0.36400000
C -13.41100000 15.45800000 -0.72400000
N -13.78700000 14.36500000 -0.04700000
N -12.60000000 15.35100000 -1.76200000
N -15.92000000 20.27000000 5.67700000
C -15.93000000 20.24200000 7.14500000
C -17.43700000 20.35900000 7.38000000
O -18.18700000 20.86400000 6.51600000
C -15.08600000 21.40400000 7.70300000
C -13.59500000 21.39000000 7.43600000
C -12.95400000 22.58600000 8.09700000
C -12.97400000 20.11700000 7.95900000
O -17.84000000 19.89100000 8.55100000
