The file lists the director (unit vector of average molecular orientation, n equivalent to −n) at sites along the helix axis of a model cholesteric liquid-crystal film; columns are site x y z (nm) nx ny nz. Model conditions: the only measured input is the reflection wavelength reported by Dinc et al. (Org. Chem. Front. 2024) for this cholesteric polymer coating, converted to a pitch with the paper's average refractive index of 1.6; the director twists uniformly about a straight helix axis with no defects, which is the idealization behind the paper's relation λ = n·p. Each file samples the director every 5 nm over 1.5 μm along an arbitrarily oriented axis. What is the helical pitch p (the distance along the helix axis over which the director rotates by 360°), in nm?

选项：
A. 209.37 nm
B. 418.75 nm
C. 670.00 nm
D. 837.50 nm

附件：clc-LRCD-coating.txt（均为本题完整输入）。范围：按论文参数构建的理想胆甾螺旋指向矢场（每 5 nm 一点，1.5 μm，确定性取向）；不是实测结构；模型反射与实测相差约 1–2%。 只回答一个字母 A、B、C 或 D。

===== clc-LRCD-coating.txt =====
301
Director field of a model cholesteric film (reactive mesogen + 5.6 wt% LRCD); site x y z (nm) nx ny nz (unit director)
site 0.000000 0.000000 0.000000 -0.30809427 0.13293579 0.94202229
site 3.758745 3.204357 0.777130 -0.35092909 0.18922990 0.91708278
site 7.517490 6.408714 1.554261 -0.39178964 0.24445943 0.88698391
site 11.276236 9.613071 2.331391 -0.43044604 0.29831368 0.85189503
site 15.034981 12.817427 3.108522 -0.46668084 0.35048967 0.81201354
site 18.793726 16.021784 3.885652 -0.50029017 0.40069386 0.76756380
site 22.552471 19.226141 4.662782 -0.53108495 0.44864381 0.71879587
site 26.311216 22.430498 5.439913 -0.55889194 0.49406978 0.66598413
site 30.069962 25.634855 6.217043 -0.58355469 0.53671619 0.60942567
site 33.828707 28.839212 6.994173 -0.60493448 0.57634313 0.54943869
site 37.587452 32.043569 7.771304 -0.62291100 0.61272766 0.48636066
site 41.346197 35.247925 8.548434 -0.63738314 0.64566510 0.42054645
site 45.104942 38.452282 9.325565 -0.64826946 0.67497013 0.35236632
site 48.863688 41.656639 10.102695 -0.65550874 0.70047790 0.28220384
site 52.622433 44.860996 10.879825 -0.65906024 0.72204490 0.21045373
site 56.381178 48.065353 11.656956 -0.65890397 0.73954980 0.13751964
site 60.139923 51.269710 12.434086 -0.65504083 0.75289412 0.06381189
site 63.898668 54.474067 13.211217 -0.64749254 0.76200279 -0.01025486
site 67.657414 57.678423 13.988347 -0.63630157 0.76682456 -0.08426391
site 71.416159 60.882780 14.765477 -0.62153088 0.76733231 -0.15779891
site 75.174904 64.087137 15.542608 -0.60326356 0.76352318 -0.23044616
site 78.933649 67.291494 16.319738 -0.58160239 0.75541860 -0.30179696
site 82.692395 70.495851 17.096869 -0.55666922 0.74306417 -0.37144990
site 86.451140 73.700208 17.873999 -0.52860432 0.72652938 -0.43901313
site 90.209885 76.904564 18.651129 -0.49756559 0.70590727 -0.50410655
site 93.968630 80.108921 19.428260 -0.46372764 0.68131384 -0.56636395
site 97.727375 83.313278 20.205390 -0.42728084 0.65288746 -0.62543508
site 101.486121 86.517635 20.982520 -0.38843023 0.62078805 -0.68098763
site 105.244866 89.721992 21.759651 -0.34739438 0.58519620 -0.73270905
site 109.003611 92.926349 22.536781 -0.30440415 0.54631212 -0.78030838
site 112.762356 96.130706 23.313912 -0.25970139 0.50435460 -0.82351784
site 116.521101 99.335062 24.091042 -0.21353760 0.45955966 -0.86209432
site 120.279847 102.539419 24.868172 -0.16617249 0.41217931 -0.89582081
site 124.038592 105.743776 25.645303 -0.11787251 0.36248012 -0.92450756
site 127.797337 108.948133 26.422433 -0.06890941 0.31074168 -0.94799320
site 131.556082 112.152490 27.199564 -0.01955863 0.25725505 -0.96614559
site 135.314827 115.356847 27.976694 0.02990218 0.20232116 -0.97886261
site 139.073573 118.561204 28.753824 0.07919477 0.14624904 -0.98607272
site 142.832318 121.765560 29.530955 0.12804182 0.08935415 -0.98773535
site 146.591063 124.969917 30.308085 0.17616853 0.03195657 -0.98384116
site 150.349808 128.174274 31.085215 0.22330414 -0.02562080 -0.97441205
site 154.108553 131.378631 31.862346 0.26918349 -0.08305402 -0.95950106
site 157.867299 134.582988 32.639476 0.31354845 -0.14002000 -0.93919208
site 161.626044 137.787345 33.416607 0.35614945 -0.19619825 -0.91359937
site 165.384789 140.991702 34.193737 0.39674681 -0.25127272 -0.88286691
site 169.143534 144.196058 34.970867 0.43511214 -0.30493358 -0.84716760
site 172.902279 147.400415 35.747998 0.47102961 -0.35687893 -0.80670226
site 176.661025 150.604772 36.525128 0.50429714 -0.40681654 -0.76169856
site 180.419770 153.809129 37.302259 0.53472759 -0.45446547 -0.71240967
site 184.178515 157.013486 38.079389 0.56214975 -0.49955766 -0.65911289
site 187.937260 160.217843 38.856519 0.58640935 -0.54183943 -0.60210805
site 191.696005 163.422200 39.633650 0.60736992 -0.58107289 -0.54171586
site 195.454751 166.626556 40.410780 0.62491353 -0.61703735 -0.47827607
site 199.213496 169.830913 41.187911 0.63894148 -0.64953045 -0.41214558
site 202.972241 173.035270 41.965041 0.64937486 -0.67836942 -0.34369643
site 206.730986 176.239627 42.742171 0.65615496 -0.70339199 -0.27331370
site 210.489732 179.443984 43.519302 0.65924365 -0.72445740 -0.20139336
site 214.248477 182.648341 44.296432 0.65862356 -0.74144714 -0.12834001
site 218.007222 185.852697 45.073562 0.65429815 -0.75426562 -0.05456464
site 221.765967 189.057054 45.850693 0.64629178 -0.76284074 0.01951770
site 225.524712 192.261411 46.627823 0.63464949 -0.76712424 0.09349023
site 229.283458 195.465768 47.404954 0.61943677 -0.76709204 0.16693680
site 233.042203 198.670125 48.182084 0.60073920 -0.76274431 0.23944422
site 236.800948 201.874482 48.959214 0.57866197 -0.75410551 0.31060457
site 240.559693 205.078839 49.736345 0.55332930 -0.74122425 0.38001750
site 244.318438 208.283195 50.513475 0.52488369 -0.72417298 0.44729253
site 248.077184 211.487552 51.290606 0.49348517 -0.70304765 0.51205116
site 251.835929 214.691909 52.067736 0.45931039 -0.67796709 0.57392908
site 255.594674 217.896266 52.844866 0.42255162 -0.64907240 0.63257818
site 259.353419 221.100623 53.621997 0.38341564 -0.61652614 0.68766850
site 263.112164 224.304980 54.399127 0.34212262 -0.58051142 0.73889012
site 266.870910 227.509337 55.176257 0.29890489 -0.54123083 0.78595487
site 270.629655 230.713693 55.953388 0.25400557 -0.49890538 0.82859797
site 274.388400 233.918050 56.730518 0.20767726 -0.45377317 0.86657952
site 278.147145 237.122407 57.507649 0.16018059 -0.40608811 0.89968585
site 281.905890 240.326764 58.284779 0.11178277 -0.35611847 0.92773070
site 285.664636 243.531121 59.061909 0.06275608 -0.30414537 0.95055629
site 289.423381 246.735478 59.839040 0.01337634 -0.25046120 0.96803423
site 293.182126 249.939835 60.616170 -0.03607866 -0.19536798 0.98006616
site 296.940871 253.144191 61.393301 -0.08533068 -0.13917565 0.98658442
site 300.699616 256.348548 62.170431 -0.13410265 -0.08220034 0.98755232
site 304.458362 259.552905 62.947561 -0.18212018 -0.02476259 0.98296442
site 308.217107 262.757262 63.724692 -0.22911313 0.03281447 0.97284654
site 311.975852 265.961619 64.501822 -0.27481713 0.09020693 0.95725558
site 315.734597 269.165976 65.278952 -0.31897506 0.14709189 0.93627928
site 319.493342 272.370333 66.056083 -0.36133849 0.20314934 0.91003563
site 323.252088 275.574689 66.833213 -0.40166909 0.25806391 0.87867227
site 327.010833 278.779046 67.610344 -0.43973997 0.31152666 0.84236566
site 330.769578 281.983403 68.387474 -0.47533695 0.36323681 0.80132004
site 334.528323 285.187760 69.164604 -0.50825977 0.41290345 0.75576633
site 338.287069 288.392117 69.941735 -0.53832320 0.46024717 0.70596082
site 342.045814 291.596474 70.718865 -0.56535813 0.50500161 0.65218369
site 345.804559 294.800830 71.495996 -0.58921244 0.54691501 0.59473748
site 349.563304 298.005187 72.273126 -0.60975195 0.58575156 0.53394539
site 353.322049 301.209544 73.050256 -0.62686109 0.62129277 0.47014941
site 357.080795 304.413901 73.827387 -0.64044363 0.65333869 0.40370845
site 360.839540 307.618258 74.604517 -0.65042314 0.68170904 0.33499630
site 364.598285 310.822615 75.381648 -0.65674348 0.70624422 0.26439952
site 368.357030 314.026972 76.158778 -0.65936910 0.72680619 0.19231527
site 372.115775 317.231328 76.935908 -0.65828521 0.74327927 0.11914909
site 375.874521 320.435685 77.713039 -0.65349794 0.75557079 0.04531260
site 379.633266 323.640042 78.490169 -0.64503419 0.76361160 -0.02877882
site 383.392011 326.844399 79.267299 -0.63294159 0.76735646 -0.10270833
site 387.150756 330.048756 80.044430 -0.61728818 0.76678431 -0.17606002
site 390.909501 333.253113 80.821560 -0.59816200 0.76189836 -0.24842122
site 394.668247 336.457470 81.598691 -0.57567067 0.75272611 -0.31938486
site 398.426992 339.661826 82.375821 -0.54994072 0.73931914 -0.38855168
site 402.185737 342.866183 83.152951 -0.52111689 0.72175290 -0.45553259
site 405.944482 346.070540 83.930082 -0.48936136 0.70012619 -0.51995074
site 409.703227 349.274897 84.707212 -0.45485275 0.67456070 -0.58144375
site 413.461973 352.479254 85.484343 -0.41778523 0.64520025 -0.63966565
site 417.220718 355.683611 86.261473 -0.37836732 0.61221001 -0.69428890
site 420.979463 358.887968 87.038603 -0.33682078 0.57577558 -0.74500620
site 424.738208 362.092324 87.815734 -0.29337934 0.53610194 -0.79153223
site 428.496953 365.296681 88.592864 -0.24828740 0.49341229 -0.83360523
site 432.255699 368.501038 89.369994 -0.20179864 0.44794678 -0.87098851
site 436.014444 371.705395 90.147125 -0.15417460 0.39996120 -0.90347177
site 439.773189 374.909752 90.924255 -0.10568320 0.34972550 -0.93087224
site 443.531934 378.114109 91.701386 -0.05659724 0.29752231 -0.95303579
site 447.290679 381.318466 92.478516 -0.00719287 0.24364532 -0.96983773
site 451.049425 384.522822 93.255646 0.04225196 0.18839761 -0.98118353
site 454.808170 387.727179 94.032777 0.09145909 0.13209001 -0.98700935
site 458.566915 390.931536 94.809907 0.14015169 0.07503930 -0.98728244
site 462.325660 394.135893 95.587038 0.18805581 0.01756643 -0.98200124
site 466.084405 397.340250 96.364168 0.23490197 -0.04000526 -0.97119547
site 469.843151 400.544607 97.141298 0.28042661 -0.09735190 -0.95492593
site 473.601896 403.748963 97.918429 0.32437362 -0.15415085 -0.93328413
site 477.360641 406.953320 98.695559 0.36649576 -0.21008257 -0.90639184
site 481.119386 410.157677 99.472690 0.40655605 -0.26483240 -0.87440035
site 484.878132 413.362034 100.249820 0.44432913 -0.31809234 -0.83748963
site 488.636877 416.566391 101.026950 0.47960250 -0.36956274 -0.79586734
site 492.395622 419.770748 101.804081 0.51217770 -0.41895404 -0.74976764
site 496.154367 422.975105 102.581211 0.54187148 -0.46598838 -0.69944988
site 499.913112 426.179461 103.358341 0.56851678 -0.51040115 -0.64519713
site 503.671858 429.383818 104.135472 0.59196371 -0.55194250 -0.58731461
site 507.430603 432.588175 104.912602 0.61208035 -0.59037871 -0.52612796
site 511.189348 435.792532 105.689733 0.62875353 -0.62549355 -0.46198141
site 514.948093 438.996889 106.466863 0.64188945 -0.65708947 -0.39523583
site 518.706838 442.201246 107.243993 0.65141422 -0.68498872 -0.32626672
site 522.465584 445.405603 108.021124 0.65727424 -0.70903434 -0.25546209
site 526.224329 448.609959 108.798254 0.65943655 -0.72909106 -0.18322028
site 529.983074 451.814316 109.575385 0.65788898 -0.74504603 -0.10994769
site 533.741819 455.018673 110.352515 0.65264025 -0.75680951 -0.03605657
site 537.500564 458.223030 111.129645 0.64371987 -0.76431531 0.03803741
site 541.259310 461.427387 111.906776 0.63117803 -0.76752120 0.11191739
site 545.018055 464.631744 112.683906 0.61508530 -0.76640915 0.18516775
site 548.776800 467.836101 113.461036 0.59553220 -0.76098541 0.25737638
site 552.535545 471.040457 114.238167 0.57262874 -0.75128050 0.32813706
site 556.294290 474.244814 115.015297 0.54650378 -0.73734902 0.39705169
site 560.053036 477.449171 115.792428 0.51730427 -0.71926934 0.46373259
site 563.811781 480.653528 116.569558 0.48519450 -0.69714317 0.52780460
site 567.570526 483.857885 117.346688 0.45035511 -0.67109500 0.58890727
site 571.329271 487.062242 118.123819 0.41298210 -0.64127136 0.64669686
site 575.088016 490.266599 118.900949 0.37328573 -0.60784004 0.70084824
site 578.846762 493.470955 119.678080 0.33148931 -0.57098912 0.75105677
site 582.605507 496.675312 120.455210 0.28782799 -0.53092591 0.79703998
site 586.364252 499.879669 121.232340 0.24254740 -0.48787580 0.83853918
site 590.122997 503.084026 122.009471 0.19590228 -0.44208099 0.87532091
site 593.881742 506.288383 122.786601 0.14815505 -0.39379911 0.90717823
site 597.640488 509.492740 123.563732 0.09957433 -0.34330178 0.93393193
site 601.399233 512.697096 124.340862 0.05043341 -0.29087309 0.95543148
site 605.157978 515.901453 125.117992 0.00100877 -0.23680801 0.97155594
site 608.916723 519.105810 125.895123 -0.04842155 -0.18141068 0.98221460
site 612.675469 522.310167 126.672253 -0.09757945 -0.12499277 0.98734749
site 616.434214 525.514524 127.449383 -0.14618840 -0.06787167 0.98692573
site 620.192959 528.718881 128.226514 -0.19397491 -0.01036873 0.98095169
site 623.951704 531.923238 129.003644 -0.24067015 0.04719254 0.96945899
site 627.710449 535.127594 129.780775 -0.28601142 0.10448831 0.95251229
site 631.469195 538.331951 130.557905 -0.32974365 0.16119625 0.93020691
site 635.227940 541.536308 131.335035 -0.37162079 0.21699732 0.90266835
site 638.986685 544.740665 132.112166 -0.41140726 0.27157761 0.87005154
site 642.745430 547.945022 132.889296 -0.44887922 0.32463004 0.83253996
site 646.504175 551.149379 133.666427 -0.48382586 0.37585617 0.79034466
site 650.262921 554.353736 134.443557 -0.51605058 0.42496779 0.74370301
site 654.021666 557.558092 135.220687 -0.54537210 0.47168862 0.69287742
site 657.780411 560.762449 135.997818 -0.57162544 0.51575581 0.63815383
site 661.539156 563.966806 136.774948 -0.59466292 0.55692144 0.57984008
site 665.297901 567.171163 137.552078 -0.61435492 0.59495393 0.51826426
site 669.056647 570.375520 138.329209 -0.63059067 0.62963932 0.45377278
site 672.815392 573.579877 139.106339 -0.64327883 0.66078246 0.38672844
site 676.574137 576.784234 139.883470 -0.65234801 0.68820815 0.31750844
site 680.332882 579.988590 140.660600 -0.65774720 0.71176210 0.24650219
site 684.091627 583.192947 141.437730 -0.65944601 0.73131181 0.17410917
site 687.850373 586.397304 142.214861 -0.65743489 0.74674728 0.10073663
site 691.609118 589.601661 142.991991 -0.65172516 0.75798167 0.02679737
site 695.367863 592.806018 143.769122 -0.64234893 0.76495180 -0.04729265
site 699.126608 596.010375 144.546252 -0.62935896 0.76761843 -0.12111661
site 702.885353 599.214732 145.323382 -0.61282833 0.76596658 -0.19425919
site 706.644099 602.419088 146.100513 -0.59285003 0.76000553 -0.26630890
site 710.402844 605.623445 146.877643 -0.56953646 0.74976883 -0.33686040
site 714.161589 608.827802 147.654774 -0.54301877 0.73531405 -0.40551679
site 717.920334 612.032159 148.431904 -0.51344615 0.71672252 -0.47189180
site 721.679079 615.236516 149.209034 -0.48098498 0.69409884 -0.53561204
site 725.437825 618.440873 149.986165 -0.44581786 0.66757027 -0.59631901
site 729.196570 621.645229 150.763295 -0.40814266 0.63728607 -0.65367120
site 732.955315 624.849586 151.540425 -0.36817131 0.60341661 -0.70734594
site 736.714060 628.053943 152.317556 -0.32612869 0.56615243 -0.75704128
site 740.472806 631.258300 153.094686 -0.28225133 0.52570318 -0.80247763
site 744.231551 634.462657 153.871817 -0.23678607 0.48229641 -0.84339939
site 747.990296 637.667014 154.648947 -0.18998870 0.43617632 -0.87957632
site 751.749041 640.871371 155.426077 -0.14212248 0.38760239 -0.91080491
site 755.507786 644.075727 156.203208 -0.09345670 0.33684786 -0.93690947
site 759.266532 647.280084 156.980338 -0.04426516 0.28419829 -0.95774314
site 763.025277 650.484441 157.757469 0.00517542 0.22994987 -0.97318871
site 766.784022 653.688798 158.534599 0.05458688 0.17440779 -0.98315929
site 770.542767 656.893155 159.311729 0.10369124 0.11788452 -0.98759879
site 774.301512 660.097512 160.088860 0.15221225 0.06069806 -0.98648222
site 778.060258 663.301869 160.865990 0.19987695 0.00317012 -0.97981588
site 781.819003 666.506225 161.643120 0.24641717 -0.05437566 -0.96763726
site 785.577748 669.710582 162.420251 0.29157109 -0.11161553 -0.95001488
site 789.336493 672.914939 163.197381 0.33508468 -0.16822747 -0.92704788
site 793.095238 676.119296 163.974512 0.37671314 -0.22389299 -0.89886547
site 796.853984 679.323653 164.751642 0.41622228 -0.27829893 -0.86562620
site 800.612729 682.528010 165.528772 0.45338982 -0.33113920 -0.82751707
site 804.371474 685.732367 166.305903 0.48800668 -0.38211654 -0.78475246
site 808.130219 688.936723 167.083033 0.51987809 -0.43094417 -0.73757298
site 811.888964 692.141080 167.860164 0.54882475 -0.47734737 -0.68624404
site 815.647710 695.345437 168.637294 0.57468383 -0.52106510 -0.63105440
site 819.406455 698.549794 169.414424 0.59730983 -0.56185141 -0.57231457
site 823.165200 701.754151 170.191555 0.61657547 -0.59947684 -0.51035499
site 826.923945 704.958508 170.968685 0.63237236 -0.63372971 -0.44552424
site 830.682690 708.162865 171.745815 0.64461163 -0.66441734 -0.37818705
site 834.441436 711.367221 172.522946 0.65322444 -0.69136706 -0.30872224
site 838.200181 714.571578 173.300076 0.65816231 -0.71442727 -0.23752062
site 841.958926 717.775935 174.077207 0.65939747 -0.73346824 -0.16498274
site 845.717671 720.980292 174.854337 0.65692298 -0.74838285 -0.09151671
site 849.476416 724.184649 175.631467 0.65075276 -0.75908718 -0.01753581
site 853.235162 727.389006 176.408598 0.64092151 -0.76552101 0.05654374
site 856.993907 730.593362 177.185728 0.62748455 -0.76764816 0.13030518
site 860.752652 733.797719 177.962859 0.61051747 -0.76545666 0.20333355
site 864.511397 737.002076 178.739989 0.59011572 -0.75895882 0.27521800
site 868.270142 740.206433 179.517119 0.56639408 -0.74819121 0.34555412
site 872.028888 743.410790 180.294250 0.53948601 -0.73321441 0.41394622
site 875.787633 746.615147 181.071380 0.50954288 -0.71411268 0.48000952
site 879.546378 749.819504 181.848511 0.47673315 -0.69099346 0.54337237
site 883.305123 753.023860 182.625641 0.44124141 -0.66398684 0.60367830
site 887.063869 756.228217 183.402771 0.40326731 -0.63324474 0.66058805
site 890.822614 759.432574 184.179902 0.36302451 -0.59894012 0.71378144
site 894.581359 762.636931 184.957032 0.32073939 -0.56126596 0.76295922
site 898.340104 765.841288 185.734162 0.27664985 -0.52043422 0.80784472
site 902.098849 769.045645 186.511293 0.23100392 -0.47667460 0.84818542
site 905.857595 772.250002 187.288423 0.18405840 -0.43023330 0.88375438
site 909.616340 775.454358 188.065554 0.13607740 -0.38137158 0.91435150
site 913.375085 778.658715 188.842684 0.08733086 -0.33036432 0.93980463
site 917.133830 781.863072 189.619814 0.03809301 -0.27749850 0.95997058
site 920.892575 785.067429 190.396945 -0.01135915 -0.22307151 0.97473590
site 924.651321 788.271786 191.174075 -0.06074740 -0.16738957 0.98401752
site 928.410066 791.476143 191.951206 -0.10979390 -0.11076592 0.98776324
site 932.168811 794.680500 192.728336 -0.15822272 -0.05351911 0.98595196
site 935.927556 797.884856 193.505466 -0.20576140 0.00402878 0.97859390
site 939.686301 801.089213 194.282597 -0.25214251 0.06155400 0.96573043
site 943.445047 804.293570 195.059727 -0.29710510 0.11873293 0.94743393
site 947.203792 807.497927 195.836857 -0.34039624 0.17524390 0.92380733
site 950.962537 810.702284 196.613988 -0.38177236 0.23076897 0.89498355
site 954.721282 813.906641 197.391118 -0.42100070 0.28499577 0.86112474
site 958.480027 817.110998 198.168249 -0.45786056 0.33761924 0.82242140
site 962.238773 820.315354 198.945379 -0.49214457 0.38834332 0.77909126
site 965.997518 823.519711 199.722509 -0.52365987 0.43688264 0.73137808
site 969.756263 826.724068 200.499640 -0.55222914 0.48296414 0.67955030
site 973.515008 829.928425 201.276770 -0.57769167 0.52632857 0.62389948
site 977.273753 833.132782 202.053901 -0.59990421 0.56673197 0.56473872
site 981.032499 836.337139 202.831031 -0.61874179 0.60394702 0.50240083
site 984.791244 839.541495 203.608161 -0.63409843 0.63776438 0.43723652
site 988.549989 842.745852 204.385292 -0.64588775 0.66799378 0.36961239
site 992.308734 845.950209 205.162422 -0.65404341 0.69446517 0.29990889
site 996.067479 849.154566 205.939553 -0.65851954 0.71702962 0.22851815
site 999.826225 852.358923 206.716683 -0.65929095 0.73556018 0.15584181
site 1003.584970 855.563280 207.493813 -0.65635330 0.74995260 0.08228873
site 1007.343715 858.767637 208.270944 -0.64972313 0.76012592 0.00827271
site 1011.102460 861.971993 209.048074 -0.63943772 0.76602291 -0.06578985
site 1014.861206 865.176350 209.825204 -0.62555495 0.76761038 -0.13948229
site 1018.619951 868.380707 210.602335 -0.60815291 0.76487941 -0.21239003
site 1022.378696 871.585064 211.379465 -0.58732951 0.75784536 -0.28410290
site 1026.137441 874.789421 212.156596 -0.56320189 0.74654780 -0.35421745
site 1029.896186 877.993778 212.933726 -0.53590580 0.73105030 -0.42233924
site 1033.654932 881.198135 213.710856 -0.50559480 0.71144003 -0.48808502
site 1037.413677 884.402491 214.487987 -0.47243940 0.68782732 -0.55108492
site 1041.172422 887.606848 215.265117 -0.43662615 0.66034501 -0.61098451
site 1044.931167 890.811205 216.042248 -0.39835651 0.62914772 -0.66744681
site 1048.689912 894.015562 216.819378 -0.35784578 0.59441095 -0.72015416
site 1052.448658 897.219919 217.596508 -0.31532188 0.55633013 -0.76881005
site 1056.207403 900.424276 218.373639 -0.27102403 0.51511949 -0.81314075
site 1059.966148 903.628633 219.150769 -0.22520145 0.47101088 -0.85289686
site 1063.724893 906.832989 219.927899 -0.17811192 0.42425244 -0.88785473
site 1067.483638 910.037346 220.705030 -0.13002036 0.37510723 -0.91781767
site 1071.242384 913.241703 221.482160 -0.08119734 0.32385173 -0.94261713
site 1075.001129 916.446060 222.259291 -0.03191751 0.27077430 -0.96211359
site 1078.759874 919.650417 223.036421 0.01754189 0.21617354 -0.97619736
site 1082.518619 922.854774 223.813551 0.06690259 0.16035662 -0.98478921
site 1086.277364 926.059131 224.590682 0.11588691 0.10363757 -0.98784082
site 1090.036110 929.263487 225.367812 0.16421927 0.04633546 -0.98533500
site 1093.794855 932.467844 226.144943 0.21162777 -0.01122731 -0.97728585
site 1097.553600 935.672201 226.922073 0.25784568 -0.06872693 -0.96373867
site 1101.312345 938.876558 227.699203 0.30261299 -0.12583990 -0.94476965
site 1105.071090 942.080915 228.476334 0.34567786 -0.18224491 -0.92048553
site 1108.829836 945.285272 229.253464 0.38679801 -0.23762465 -0.89102291
site 1112.588581 948.489628 230.030595 0.42574209 -0.29166755 -0.85654755
site 1116.347326 951.693985 230.807725 0.46229103 -0.34406958 -0.81725341
site 1120.106071 954.898342 231.584855 0.49623919 -0.39453594 -0.77336153
site 1123.864816 958.102699 232.361986 0.52739560 -0.44278270 -0.72511886
site 1127.623562 961.307056 233.139116 0.55558497 -0.48853844 -0.67279680
