301
Director field of a model cholesteric film (E44 + 2.90 wt% R5011 (model concentration)); site x y z (nm) nx ny nz (unit director)
site 0.000000 -0.000000 -0.000000 0.59739804 0.22341205 0.77019649
site 3.715142 -2.577600 -2.133938 0.56503394 0.14145169 0.81285181
site 7.430285 -5.155201 -4.267877 0.52725432 0.05813559 0.84771642
site 11.145427 -7.732801 -6.401815 0.48442128 -0.02573770 0.87445617
site 14.860570 -10.310401 -8.535753 0.43694535 -0.10936431 0.89281477
site 18.575712 -12.888002 -10.669692 0.38528155 -0.19194272 0.90261626
site 22.290855 -15.465602 -12.803630 0.32992505 -0.27268148 0.90376671
site 26.005997 -18.043202 -14.937569 0.27140642 -0.35080675 0.89625509
site 29.721140 -20.620803 -17.071507 0.21028651 -0.42556974 0.88015338
site 33.436282 -23.198403 -19.205445 0.14715114 -0.49625390 0.85561593
site 37.151425 -25.776003 -21.339384 0.08260540 -0.56218175 0.82287789
site 40.866567 -28.353604 -23.473322 0.01726794 -0.62272142 0.78225306
site 44.581710 -30.931204 -25.607260 -0.04823502 -0.67729267 0.73413079
site 48.296852 -33.508804 -27.741199 -0.11327567 -0.72537247 0.67897231
site 52.011995 -36.086405 -29.875137 -0.17723065 -0.76650001 0.61730628
site 55.727137 -38.664005 -32.009075 -0.23948698 -0.80028108 0.54972373
site 59.442280 -41.241605 -34.143014 -0.29944796 -0.82639194 0.47687240
site 63.157422 -43.819206 -36.276952 -0.35653891 -0.84458231 0.39945052
site 66.872565 -46.396806 -38.410891 -0.41021264 -0.85467786 0.31820016
site 70.587707 -48.974406 -40.544829 -0.45995473 -0.85658183 0.23390002
site 74.302849 -51.552007 -42.678767 -0.50528842 -0.85027596 0.14735810
site 78.017992 -54.129607 -44.812706 -0.54577922 -0.83582069 0.05940383
site 81.733134 -56.707207 -46.946644 -0.58103905 -0.81335457 -0.02911978
site 85.448277 -59.284808 -49.080582 -0.61072995 -0.78309293 -0.11736431
site 89.163419 -61.862408 -51.214521 -0.63456737 -0.74532581 -0.20448396
site 92.878562 -64.440008 -53.348459 -0.65232284 -0.70041517 -0.28964375
site 96.593704 -67.017609 -55.482397 -0.66382617 -0.64879147 -0.37202748
site 100.308847 -69.595209 -57.616336 -0.66896712 -0.59094948 -0.45084555
site 104.023989 -72.172809 -59.750274 -0.66769641 -0.52744358 -0.52534252
site 107.739132 -74.750409 -61.884213 -0.66002623 -0.45888245 -0.59480440
site 111.454274 -77.328010 -64.018151 -0.64603008 -0.38592320 -0.65856542
site 115.169417 -79.905610 -66.152089 -0.62584211 -0.30926511 -0.71601448
site 118.884559 -82.483210 -68.286028 -0.59965582 -0.22964289 -0.76660097
site 122.599702 -85.060811 -70.419966 -0.56772217 -0.14781968 -0.80984003
site 126.314844 -87.638411 -72.553904 -0.53034724 -0.06457970 -0.84531726
site 130.029987 -90.216011 -74.687843 -0.48788925 0.01927924 -0.87269261
site 133.745129 -92.793612 -76.821781 -0.44075512 0.10295339 -0.89170372
site 137.460272 -95.371212 -78.955719 -0.38939662 0.18564080 -0.90216837
site 141.175414 -97.948812 -81.089658 -0.33430597 0.26654895 -0.90398627
site 144.890557 -100.526413 -83.223596 -0.27601120 0.34490238 -0.89713999
site 148.605699 -103.104013 -85.357535 -0.21507103 0.41995013 -0.88169515
site 152.320841 -105.681613 -87.491473 -0.15206952 0.49097290 -0.85779978
site 156.035984 -108.259214 -89.625411 -0.08761052 0.55728999 -0.82568291
site 159.751126 -110.836814 -91.759350 -0.02231183 0.61826578 -0.78565235
site 163.466269 -113.414414 -93.893288 0.04320072 0.67331585 -0.73809177
site 167.181411 -115.992015 -96.027226 0.10829921 0.72191259 -0.68345702
site 170.896554 -118.569615 -98.161165 0.17235971 0.76359022 -0.62227173
site 174.611696 -121.147215 -100.295103 0.23476825 0.79794929 -0.55512233
site 178.326839 -123.724816 -102.429042 0.29492667 0.82466048 -0.48265242
site 182.041981 -126.302416 -104.562980 0.35225840 0.84346778 -0.40555656
site 185.757124 -128.880016 -106.696918 0.40621393 0.85419094 -0.32457368
site 189.472266 -131.457617 -108.830857 0.45627614 0.85672719 -0.24047996
site 193.187409 -134.035217 -110.964795 0.50196522 0.85105220 -0.15408137
site 196.902551 -136.612817 -113.098733 0.54284325 0.83722039 -0.06620601
site 200.617694 -139.190418 -115.232672 0.57851845 0.81536430 0.02230390
site 204.332836 -141.768018 -117.366610 0.60864888 0.78569343 0.11060005
site 208.047979 -144.345618 -119.500548 0.63294578 0.74849215 0.19783615
site 211.763121 -146.923219 -121.634487 0.65117626 0.70411701 0.28317611
site 215.478264 -149.500819 -123.768425 0.66316561 0.65299332 0.36580199
site 219.193406 -152.078419 -125.902364 0.66879890 0.59561108 0.44492188
site 222.908548 -154.656020 -128.036302 0.66802214 0.53252025 0.51977745
site 226.623691 -157.233620 -130.170240 0.66084278 0.46432553 0.58965126
site 230.338833 -159.811220 -132.304179 0.64732964 0.39168052 0.65387361
site 234.053976 -162.388821 -134.438117 0.62761222 0.31528149 0.71182897
site 237.769118 -164.966421 -136.572055 0.60187951 0.23586067 0.76296186
site 241.484261 -167.544021 -138.705994 0.57037813 0.15417926 0.80678222
site 245.199403 -170.121622 -140.839932 0.53341002 0.07102013 0.84287003
site 248.914546 -172.699222 -142.973870 0.49132948 -0.01281968 0.87087944
site 252.629688 -175.276822 -145.107809 0.44453984 -0.09653662 0.89054197
site 256.344831 -177.854423 -147.241747 0.39348955 -0.17932832 0.90166919
site 260.059973 -180.432023 -149.375686 0.33866789 -0.26040126 0.90415444
site 263.775116 -183.009623 -151.509624 0.28060030 -0.33897841 0.89797389
site 267.490258 -185.587224 -153.643562 0.21984332 -0.41430665 0.88318680
site 271.205401 -188.164824 -155.777501 0.15697927 -0.48566400 0.85993488
site 274.920543 -190.742424 -157.911439 0.09261066 -0.55236655 0.82844098
site 278.635686 -193.320025 -160.045377 0.02735444 -0.61377499 0.78900697
site 282.350828 -195.897625 -162.179316 -0.03816396 -0.66930075 0.74201079
site 286.065971 -198.475225 -164.313254 -0.10331658 -0.71841167 0.68790287
site 289.781113 -201.052826 -166.447192 -0.16747897 -0.76063703 0.62720181
site 293.496256 -203.630426 -168.581131 -0.23003618 -0.79557213 0.56048939
site 297.211398 -206.208026 -170.715069 -0.29038862 -0.82288213 0.48840500
site 300.926540 -208.785627 -172.849008 -0.34795786 -0.84230530 0.41163954
site 304.641683 -211.363227 -174.982946 -0.40219212 -0.85365547 0.33092876
site 308.356825 -213.940827 -177.116884 -0.45257161 -0.85682385 0.24704622
site 312.071968 -216.518427 -179.250823 -0.49861347 -0.85178007 0.16079588
site 315.787110 -219.096028 -181.384761 -0.53987641 -0.83857249 0.07300442
site 319.502253 -221.673628 -183.518699 -0.57596496 -0.81732768 -0.01548676
site 323.217395 -224.251228 -185.652638 -0.60653321 -0.78824926 -0.10382950
site 326.932538 -226.828829 -187.786576 -0.63128821 -0.75161594 -0.19117709
site 330.647680 -229.406429 -189.920514 -0.64999267 -0.70777882 -0.27669237
site 334.362823 -231.984029 -192.054453 -0.66246734 -0.65715806 -0.35955571
site 338.077965 -234.561630 -194.188391 -0.66859265 -0.60023882 -0.43897292
site 341.793108 -237.139230 -196.322330 -0.66830989 -0.53756665 -0.51418284
site 345.508250 -239.716830 -198.456268 -0.66162177 -0.46974222 -0.58446461
site 349.223393 -242.294431 -200.590206 -0.64859240 -0.39741558 -0.64914464
site 352.938535 -244.872031 -202.724145 -0.62934665 -0.32127995 -0.70760299
site 356.653678 -247.449631 -204.858083 -0.60406898 -0.24206504 -0.75927938
site 360.368820 -250.027232 -206.992021 -0.57300167 -0.16053008 -0.80367853
site 364.083963 -252.604832 -209.125960 -0.53644247 -0.07745653 -0.84037490
site 367.799105 -255.182432 -211.259898 -0.49474178 0.00635940 -0.86901676
site 371.514247 -257.760033 -213.393836 -0.44829929 0.09011437 -0.88932961
site 375.229390 -260.337633 -215.527775 -0.39756011 0.17300565 -0.90111875
site 378.944532 -262.915233 -217.661713 -0.34301055 0.25423877 -0.90427120
site 382.659675 -265.492834 -219.795652 -0.28517344 0.33303516 -0.89875675
site 386.374817 -268.070434 -221.929590 -0.22460311 0.40863961 -0.88462824
site 390.089960 -270.648034 -224.063528 -0.16188008 0.48032749 -0.86202108
site 393.805102 -273.225635 -226.197467 -0.09760554 0.54741170 -0.83115196
site 397.520245 -275.803235 -228.331405 -0.03239550 0.60924930 -0.79231674
site 401.235387 -278.380835 -230.465343 0.03312503 0.66524761 -0.74588763
site 404.950530 -280.958436 -232.599282 0.09832808 0.71486990 -0.69230962
site 408.665672 -283.536036 -234.733220 0.16258871 0.75764059 -0.63209623
site 412.380815 -286.113636 -236.867158 0.22529102 0.79314974 -0.56582457
site 416.095957 -288.691237 -239.001097 0.28583406 0.82105701 -0.49412982
site 419.811100 -291.268837 -241.135035 0.34363754 0.84109494 -0.41769912
site 423.526242 -293.846437 -243.268974 0.39814745 0.85307146 -0.33726502
site 427.241385 -296.424038 -245.402912 0.44884136 0.85687179 -0.25359843
site 430.956527 -299.001638 -247.536850 0.49523338 0.85245952 -0.16750125
site 434.671670 -301.579238 -249.670789 0.53687889 0.83987691 -0.07979867
site 438.386812 -304.156839 -251.804727 0.57337872 0.81924459 0.00866873
site 442.101955 -306.734439 -253.938665 0.60438306 0.79076028 0.09705305
site 445.817097 -309.312039 -256.072604 0.62959474 0.75469700 0.18450717
site 449.532239 -311.889640 -258.206542 0.64877213 0.71140040 0.27019290
site 453.247382 -314.467240 -260.340480 0.66173141 0.66128544 0.35328899
site 456.962524 -317.044840 -262.474419 0.66834839 0.60483244 0.43299901
site 460.677667 -319.622441 -264.608357 0.66855965 0.54258249 0.50855899
site 464.392809 -322.200041 -266.742296 0.66236315 0.47513220 0.57924473
site 468.107952 -324.777641 -268.876234 0.64981829 0.40312804 0.64437875
site 471.823094 -327.355242 -271.010172 0.63104530 0.32726014 0.70333678
site 475.538237 -329.932842 -273.144111 0.60622411 0.24825565 0.75555374
site 479.253379 -332.510442 -275.278049 0.57559263 0.16687177 0.80052916
site 482.968522 -335.088043 -277.411987 0.53944442 0.08388852 0.83783198
site 486.683664 -337.665643 -279.545926 0.49812596 0.00010125 0.86710468
site 490.398807 -340.243243 -281.679864 0.45203325 -0.08368699 0.88806668
site 494.113949 -342.820844 -283.813802 0.40160807 -0.16667314 0.90051708
site 497.829092 -345.398444 -285.947741 0.34733372 -0.24806183 0.90433656
site 501.544234 -347.976044 -288.081679 0.28973037 -0.32707299 0.89948851
site 505.259377 -350.553645 -290.215618 0.22935013 -0.40294934 0.88601938
site 508.974519 -353.131245 -292.349556 0.16677170 -0.47496367 0.86405828
site 512.689662 -355.708845 -294.483494 0.10259486 -0.54242574 0.83381569
site 516.404804 -358.286445 -296.617433 0.03743471 -0.60468899 0.79558147
site 520.119946 -360.864046 -298.751371 -0.02808423 -0.66115664 0.74972206
site 523.835089 -363.441646 -300.885309 -0.09333399 -0.71128750 0.69667701
site 527.550231 -366.019246 -303.019248 -0.15768921 -0.75460108 0.63695472
site 531.265374 -368.596847 -305.153186 -0.22053307 -0.79068226 0.57112760
site 534.980516 -371.174447 -307.287125 -0.28126324 -0.81918521 0.49982655
site 538.695659 -373.752047 -309.421063 -0.33929768 -0.83983675 0.42373495
site 542.410801 -376.329648 -311.555001 -0.39408015 -0.85243896 0.34358211
site 546.125944 -378.907248 -313.688940 -0.44508558 -0.85687103 0.26013623
site 549.841086 -381.484848 -315.822878 -0.49182514 -0.85309050 0.17419710
site 553.556229 -384.062449 -317.956816 -0.53385084 -0.84113360 0.08658840
site 557.271371 -386.640049 -320.090755 -0.57075989 -0.82111492 -0.00185021
site 560.986514 -389.217649 -322.224693 -0.60219855 -0.79322635 -0.09027108
site 564.701656 -391.795250 -324.358631 -0.62786549 -0.75773516 -0.17782676
site 568.416799 -394.372850 -326.492570 -0.64751470 -0.71498153 -0.26367807
site 572.131941 -396.950450 -328.626508 -0.66095787 -0.66537522 -0.34700218
site 575.847084 -399.528051 -330.760447 -0.66806614 -0.60939168 -0.42700048
site 579.562226 -402.105651 -332.894385 -0.66877139 -0.54756748 -0.50290623
site 583.277369 -404.683251 -335.028323 -0.66306687 -0.48049516 -0.57399192
site 586.992511 -407.260852 -337.162262 -0.65100723 -0.40881759 -0.63957624
site 590.707654 -409.838452 -339.296200 -0.63270808 -0.33322173 -0.69903059
site 594.422796 -412.416052 -341.430138 -0.60834478 -0.25443214 -0.75178515
site 598.137938 -414.993653 -343.564077 -0.57815086 -0.17320397 -0.79733428
site 601.853081 -417.571253 -345.698015 -0.54241571 -0.09031574 -0.83524144
site 605.568223 -420.148853 -347.831953 -0.50148182 -0.00656189 -0.86514330
site 609.283366 -422.726454 -349.965892 -0.45574152 0.07725486 -0.88675327
site 612.998508 -425.304054 -352.099830 -0.40563320 0.16033116 -0.89986422
site 616.713651 -427.881654 -354.233769 -0.35163713 0.24187078 -0.90435051
site 620.428793 -430.459255 -356.367707 -0.29427083 0.32109221 -0.90016913
site 624.143936 -433.036855 -358.501645 -0.23408411 0.39723617 -0.88736016
site 627.859078 -435.614455 -360.635584 -0.17165383 0.46957284 -0.86604636
site 631.574221 -438.192056 -362.769522 -0.10757835 0.53740894 -0.83643202
site 635.289363 -440.769656 -364.903460 -0.04247180 0.60009429 -0.79880097
site 639.004506 -443.347256 -367.037399 0.02304182 0.65702809 -0.75351388
site 642.719648 -445.924857 -369.171337 0.08833460 0.70766466 -0.70100480
site 646.434791 -448.502457 -371.305275 0.15278074 0.75151868 -0.64177700
site 650.149933 -451.080057 -373.439214 0.21576257 0.78816983 -0.57639815
site 653.865076 -453.657658 -375.573152 0.27667644 0.81726684 -0.50549486
site 657.580218 -456.235258 -377.707091 0.33493853 0.83853083 -0.42974670
site 661.295361 -458.812858 -379.841029 0.38999044 0.85175799 -0.34987967
site 665.010503 -461.390459 -381.974967 0.44130451 0.85682155 -0.26665924
site 668.725645 -463.968059 -384.108906 0.48838894 0.85367299 -0.18088305
site 672.440788 -466.545659 -386.242844 0.53079245 0.84234246 -0.09337320
site 676.155930 -469.123260 -388.376782 0.56810862 0.82293858 -0.00496842
site 679.871073 -471.700860 -390.510721 0.59997981 0.79564732 0.08348398
site 683.586215 -474.278460 -392.644659 0.62610054 0.76073024 0.17113623
site 687.301358 -476.856061 -394.778597 0.64622047 0.71852202 0.25714825
site 691.016500 -479.433661 -396.912536 0.66014675 0.66942718 0.34069565
site 694.731643 -482.011261 -399.046474 0.66774591 0.61391627 0.42097768
site 698.446785 -484.588862 -401.180413 0.66894513 0.55252134 0.49722489
site 702.161928 -487.166462 -403.314351 0.66373289 0.48583082 0.56870648
site 705.877070 -489.744062 -405.448289 0.65215917 0.41448389 0.63473737
site 709.592213 -492.321662 -407.582228 0.63433488 0.33916438 0.69468466
site 713.307355 -494.899263 -409.716166 0.61043087 0.26059418 0.74797382
site 717.022498 -497.476863 -411.850104 0.58067624 0.17952633 0.79409408
site 720.737640 -500.054463 -413.984043 0.54535616 0.09673783 0.83260342
site 724.452783 -502.632064 -416.117981 0.50480917 0.01302216 0.86313274
site 728.167925 -505.209664 -418.251919 0.45942388 -0.07081833 0.88538944
site 731.883068 -507.787264 -420.385858 0.40963528 -0.15398006 0.89916021
site 735.598210 -510.364865 -422.519796 0.35592056 -0.23566598 0.90431305
site 739.313353 -512.942465 -424.653735 0.29879456 -0.31509319 0.90079859
site 743.028495 -515.520065 -426.787673 0.23880479 -0.39150041 0.88865050
site 746.743637 -518.097666 -428.921611 0.17652621 -0.46415533 0.86798521
site 750.458780 -520.675266 -431.055550 0.11255573 -0.53236159 0.83900080
site 754.173922 -523.252866 -433.189488 0.04750647 -0.59546548 0.80197506
site 757.889065 -525.830467 -435.323426 -0.01799810 -0.65286219 0.75726286
site 761.604207 -528.408067 -437.457365 -0.08333018 -0.70400159 0.70529274
site 765.319350 -530.985667 -439.591303 -0.14786359 -0.74839355 0.64656280
site 769.034492 -533.563268 -441.725241 -0.21097981 -0.78561260 0.58163594
site 772.749635 -536.140868 -443.859180 -0.27207391 -0.81530201 0.51113444
site 776.464777 -538.718468 -445.993118 -0.33056035 -0.83717724 0.43573401
site 780.179920 -541.296069 -448.127057 -0.38587856 -0.85102861 0.35615733
site 783.895062 -543.873669 -450.260995 -0.43749835 -0.85672337 0.27316710
site 787.610205 -546.451269 -452.394933 -0.48492497 -0.85420694 0.18755871
site 791.325347 -549.028870 -454.528872 -0.52770388 -0.84350344 0.10015269
site 795.040490 -551.606470 -456.662810 -0.56542505 -0.82471546 0.01178676
site 798.755632 -554.184070 -458.796748 -0.59772695 -0.79802306 -0.07669214
site 802.470775 -556.761671 -460.930687 -0.62430000 -0.76368208 -0.16443598
site 806.185917 -559.339271 -463.064625 -0.64488949 -0.72202166 -0.25060381
site 809.901060 -561.916871 -465.198563 -0.65929810 -0.67344108 -0.33436974
site 813.616202 -564.494472 -467.332502 -0.66738772 -0.61840597 -0.41493094
site 817.331344 -567.072072 -469.466440 -0.66908083 -0.55744379 -0.49151527
site 821.046487 -569.649672 -471.600379 -0.66436119 -0.49113885 -0.56338872
site 824.761629 -572.227273 -473.734317 -0.65327403 -0.42012663 -0.62986241
site 828.476772 -574.804873 -475.868255 -0.63592563 -0.34508774 -0.69029924
site 832.191914 -577.382473 -478.002194 -0.61248225 -0.26674139 -0.74411996
site 835.907057 -579.960074 -480.136132 -0.58316860 -0.18583848 -0.79080873
site 839.622199 -582.537674 -482.270070 -0.54826561 -0.10315442 -0.82991806
site 843.337342 -585.115274 -484.404009 -0.50810782 -0.01948168 -0.86107311
site 847.052484 -587.692875 -486.537947 -0.46308012 0.06437777 -0.88397529
site 850.767627 -590.270475 -488.671885 -0.41361406 0.14762021 -0.89840508
site 854.482769 -592.848075 -490.805824 -0.36018376 0.22944779 -0.90422418
site 858.197912 -595.425676 -492.939762 -0.30330130 0.30907625 -0.90137683
site 861.913054 -598.003276 -495.073701 -0.24351189 0.38574240 -0.88989031
site 865.628197 -600.580876 -497.207639 -0.18138855 0.45871143 -0.86987472
site 869.343339 -603.158477 -499.341577 -0.11752671 0.52728398 -0.84152188
site 873.058482 -605.736077 -501.475516 -0.05253845 0.59080282 -0.80510356
site 876.773624 -608.313677 -503.609454 0.01295337 0.64865917 -0.76096879
site 880.488767 -610.891278 -505.743392 0.07832103 0.70029850 -0.70954058
site 884.203909 -613.468878 -507.877331 0.14293803 0.74522588 -0.65131184
site 887.919052 -616.046478 -510.011269 0.20618506 0.78301071 -0.58684066
site 891.634194 -618.624079 -512.145208 0.26745592 0.81329084 -0.51674495
site 895.349336 -621.201679 -514.279146 0.32616337 0.83577605 -0.44169656
site 899.064479 -623.779279 -516.413084 0.38174474 0.85025084 -0.36241475
site 902.779621 -626.356880 -518.547023 0.43366731 0.85657648 -0.27965942
site 906.494764 -628.934480 -520.680961 0.48143344 0.85469234 -0.19422371
site 910.209906 -631.512080 -522.814899 0.52458531 0.84461647 -0.10692649
site 913.925049 -634.089680 -524.948838 0.56270933 0.82644545 -0.01860444
site 917.640191 -636.667281 -527.082776 0.59544012 0.80035344 0.06989593
site 921.355334 -639.244881 -529.216714 0.62246396 0.76659050 0.15772638
site 925.070476 -641.822481 -531.350653 0.64352186 0.72548025 0.24404512
site 928.785619 -644.400082 -533.484591 0.65841197 0.67741670 0.32802483
site 932.500761 -646.977682 -535.618530 0.66699159 0.62286050 0.40886062
site 936.215904 -649.555282 -537.752468 0.66917849 0.56233456 0.48577772
site 939.931046 -652.132883 -539.886406 0.66495171 0.49641897 0.55803892
site 943.646189 -654.710483 -542.020345 0.65435176 0.42574549 0.62495165
site 947.361331 -657.288083 -544.154283 0.63748022 0.35099149 0.68587458
site 951.076474 -659.865684 -546.288221 0.61449882 0.27287345 0.74022381
site 954.791616 -662.443284 -548.422160 0.58562780 0.19214007 0.78747842
site 958.506759 -665.020884 -550.556098 0.55114389 0.10956515 0.82718552
site 962.221901 -667.598485 -552.690036 0.51137759 0.02594010 0.85896454
site 965.937043 -670.176085 -554.823975 0.46671003 -0.05793356 0.88251088
site 969.652186 -672.753685 -556.957913 0.41756933 -0.14125197 0.89759887
site 973.367328 -675.331286 -559.091852 0.36442647 -0.22321655 0.90408391
site 977.082471 -677.908886 -561.225790 0.30779081 -0.30304174 0.90190383
site 980.797613 -680.486486 -563.359728 0.24820514 -0.37996245 0.89107954
site 984.512756 -683.064087 -565.493667 0.18624058 -0.45324145 0.87171477
site 988.227898 -685.641687 -567.627605 0.12249101 -0.52217639 0.84399513
site 991.943041 -688.219287 -569.761543 0.05756743 -0.58610658 0.80818629
site 995.658183 -690.796888 -571.895482 -0.00790789 -0.64441928 0.76463145
site 999.373326 -693.374488 -574.029420 -0.07330742 -0.69655560 0.71374808
site 1003.088468 -695.952088 -576.163358 -0.13800435 -0.74201584 0.65602385
site 1006.803611 -698.529689 -578.297297 -0.20137858 -0.78036430 0.59201202
site 1010.518753 -701.107289 -580.431235 -0.26282272 -0.81123342 0.52232610
site 1014.233896 -703.684889 -582.565174 -0.32174785 -0.83432735 0.44763399
site 1017.949038 -706.262490 -584.699112 -0.37758923 -0.84942474 0.36865157
site 1021.664181 -708.840090 -586.833050 -0.42981163 -0.85638090 0.28613584
site 1025.379323 -711.417690 -588.966989 -0.47791454 -0.85512915 0.20087767
site 1029.094466 -713.995291 -591.100927 -0.52143692 -0.84568148 0.11369421
site 1032.809608 -716.572891 -593.234865 -0.55996163 -0.82812846 0.02542105
site 1036.524751 -719.150491 -595.368804 -0.59311944 -0.80263831 -0.06309575
site 1040.239893 -721.728092 -597.502742 -0.62059255 -0.76945535 -0.15100782
site 1043.955035 -724.305692 -599.636680 -0.64211764 -0.72889760 -0.23747256
site 1047.670178 -726.883292 -601.770619 -0.65748841 -0.68135381 -0.32166128
site 1051.385320 -729.460893 -603.904557 -0.66655755 -0.62727963 -0.40276705
site 1055.100463 -732.038493 -606.038496 -0.66923812 -0.56719335 -0.48001254
site 1058.815605 -734.616093 -608.172434 -0.66550443 -0.50167086 -0.55265740
site 1062.530748 -737.193694 -610.306372 -0.65539228 -0.43134014 -0.62000535
site 1066.245890 -739.771294 -612.440311 -0.63899858 -0.35687529 -0.68141092
site 1069.961033 -742.348894 -614.574249 -0.61648045 -0.27898999 -0.73628557
site 1073.676175 -744.926495 -616.708187 -0.58805372 -0.19843074 -0.78410335
site 1077.391318 -747.504095 -618.842126 -0.55399084 -0.11596964 -0.82440596
site 1081.106460 -750.081695 -620.976064 -0.51461828 -0.03239705 -0.85680713
site 1084.821603 -752.659296 -623.110002 -0.47031341 0.05148606 -0.88099630
site 1088.536745 -755.236896 -625.243941 -0.42150086 0.13487569 -0.89674164
site 1092.251888 -757.814496 -627.377879 -0.36864848 0.21697263 -0.90389224
site 1095.967030 -760.392097 -629.511818 -0.31226281 0.29699001 -0.90237956
site 1099.682173 -762.969697 -631.645756 -0.25288429 0.37416091 -0.89221811
site 1103.397315 -765.547297 -633.779694 -0.19108202 0.44774570 -0.87350527
site 1107.112458 -768.124898 -635.913633 -0.12744834 0.51703911 -0.84642039
site 1110.827600 -770.702498 -638.047571 -0.06259315 0.58137701 -0.81122307
site 1114.542742 -773.280098 -640.181509 0.00286197 0.64014275 -0.76825066
