301
Director field of a model cholesteric film (E44 + 2.20 wt% R5011 (model concentration)); site x y z (nm) nx ny nz (unit director)
site 0.000000 0.000000 0.000000 -0.93368361 0.35295491 -0.06047924
site 1.730684 4.664088 0.501017 -0.93792081 0.34659024 0.01340776
site 3.461369 9.328175 1.002034 -0.93698278 0.33831317 0.08722079
site 5.192053 13.992263 1.503051 -0.93087472 0.32816936 0.16055255
site 6.922737 18.656351 2.004068 -0.91963032 0.31621480 0.23299843
site 8.653421 23.320438 2.505085 -0.90331163 0.30251545 0.30415868
site 10.384106 27.984526 3.006102 -0.88200869 0.28714689 0.37364065
site 12.114790 32.648614 3.507119 -0.85583904 0.27019392 0.44106097
site 13.845474 37.312702 4.008136 -0.82494709 0.25175009 0.50604762
site 15.576158 41.976789 4.509152 -0.78950328 0.23191717 0.56824203
site 17.306843 46.640877 5.010169 -0.74970318 0.21080458 0.62730102
site 19.037527 51.304965 5.511186 -0.70576641 0.18852883 0.68289871
site 20.768211 55.969052 6.012203 -0.65793540 0.16521282 0.73472834
site 22.498896 60.633140 6.513220 -0.60647406 0.14098521 0.78250392
site 24.229580 65.297228 7.014237 -0.55166634 0.11597968 0.82596184
site 25.960264 69.961315 7.515254 -0.49381467 0.09033420 0.86486230
site 27.690948 74.625403 8.016271 -0.43323825 0.06419027 0.89899067
site 29.421633 79.289491 8.517288 -0.37027133 0.03769217 0.92815863
site 31.152317 83.953578 9.018305 -0.30526134 0.01098608 0.95220524
site 32.883001 88.617666 9.519322 -0.23856700 -0.01578062 0.97099782
site 34.613685 93.281754 10.020339 -0.17055630 -0.04246025 0.98443267
site 36.344370 97.945841 10.521356 -0.10160451 -0.06890560 0.99243566
site 38.075054 102.609929 11.022373 -0.03209210 -0.09497074 0.99496264
site 39.805738 107.274017 11.523390 0.03759739 -0.12051185 0.99199966
site 41.536423 111.938105 12.024407 0.10707943 -0.14538801 0.98356307
site 43.267107 116.602192 12.525424 0.17597063 -0.16946196 0.96969943
site 44.997791 121.266280 13.026440 0.24389086 -0.19260086 0.95048522
site 46.728475 125.930368 13.527457 0.31046537 -0.21467703 0.92602647
site 48.459160 130.594455 14.028474 0.37532680 -0.23556867 0.89645814
site 50.189844 135.258543 14.529491 0.43811728 -0.25516049 0.86194337
site 51.920528 139.922631 15.030508 0.49849033 -0.27334441 0.82267261
site 53.651212 144.586718 15.531525 0.55611284 -0.29002008 0.77886255
site 55.381897 149.250806 16.032542 0.61066685 -0.30509549 0.73075491
site 57.112581 153.914894 16.533559 0.66185136 -0.31848746 0.67861515
site 58.843265 158.578981 17.034576 0.70938393 -0.33012209 0.62273096
site 60.573950 163.243069 17.535593 0.75300229 -0.33993519 0.56341070
site 62.304634 167.907157 18.036610 0.79246578 -0.34787261 0.50098167
site 64.035318 172.571245 18.537627 0.82755664 -0.35389056 0.43578835
site 65.766002 177.235332 19.038644 0.85808124 -0.35795583 0.36819046
site 67.496687 181.899420 19.539661 0.88387116 -0.36004598 0.29856098
site 69.227371 186.563508 20.040678 0.90478410 -0.36014949 0.22728412
site 70.958055 191.227595 20.541695 0.92070467 -0.35826579 0.15475316
site 72.688739 195.891683 21.042712 0.93154501 -0.35440526 0.08136831
site 74.419424 200.555771 21.543729 0.93724532 -0.34858921 0.00753449
site 76.150108 205.219858 22.044745 0.93777414 -0.34084973 -0.06634090
site 77.880792 209.883946 22.545762 0.93312856 -0.33122953 -0.13985024
site 79.611477 214.548034 23.046779 0.92333420 -0.31978169 -0.21258792
site 81.342161 219.212121 23.547796 0.90844511 -0.30656937 -0.28415260
site 83.072845 223.876209 24.048813 0.88854345 -0.29166547 -0.35414939
site 84.803529 228.540297 24.549830 0.86373903 -0.27515224 -0.42219207
site 86.534214 233.204384 25.050847 0.83416870 -0.25712078 -0.48790520
site 88.264898 237.868472 25.551864 0.79999564 -0.23767060 -0.55092618
site 89.995582 242.532560 26.052881 0.76140840 -0.21690901 -0.61090730
site 91.726266 247.196648 26.553898 0.71861990 -0.19495057 -0.66751758
site 93.456951 251.860735 27.054915 0.67186623 -0.17191644 -0.72044466
site 95.187635 256.524823 27.555932 0.62140537 -0.14793371 -0.76939651
site 96.918319 261.188911 28.056949 0.56751575 -0.12313473 -0.81410301
site 98.649004 265.852998 28.557966 0.51049471 -0.09765632 -0.85431750
site 100.379688 270.517086 29.058983 0.45065689 -0.07163906 -0.88981808
site 102.110372 275.181174 29.560000 0.38833246 -0.04522652 -0.92040885
site 103.841056 279.845261 30.061017 0.32386531 -0.01856443 -0.94592104
site 105.571741 284.509349 30.562033 0.25761115 0.00820009 -0.96621388
site 107.302425 289.173437 31.063050 0.18993555 0.03491937 -0.98117538
site 109.033109 293.837524 31.564067 0.12121194 0.06144597 -0.99072300
site 110.763793 298.501612 32.065084 0.05181950 0.08763353 -0.99480405
site 112.494478 303.165700 32.566101 -0.01785885 0.11333755 -0.99339602
site 114.225162 307.829787 33.067118 -0.08743867 0.13841620 -0.98650668
site 115.955846 312.493875 33.568135 -0.15653603 0.16273110 -0.97417404
site 117.686531 317.157963 34.069152 -0.22476965 0.18614810 -0.95646615
site 119.417215 321.822051 34.570169 -0.29176306 0.20853797 -0.93348071
site 121.147899 326.486138 35.071186 -0.35714658 0.22977718 -0.90534456
site 122.878583 331.150226 35.572203 -0.42055946 0.24974854 -0.87221294
site 124.609268 335.814314 36.073220 -0.48165180 0.26834185 -0.83426866
site 126.339952 340.478401 36.574237 -0.54008650 0.28545452 -0.79172110
site 128.070636 345.142489 37.075254 -0.59554114 0.30099211 -0.74480501
site 129.801320 349.806577 37.576271 -0.64770973 0.31486891 -0.69377927
site 131.532005 354.470664 38.077288 -0.69630441 0.32700834 -0.63892544
site 133.262689 359.134752 38.578305 -0.74105706 0.33734341 -0.58054617
site 134.993373 363.798840 39.079321 -0.78172074 0.34581711 -0.51896358
site 136.724058 368.462927 39.580338 -0.81807108 0.35238268 -0.45451749
site 138.454742 373.127015 40.081355 -0.84990751 0.35700389 -0.38756348
site 140.185426 377.791103 40.582372 -0.87705435 0.35965523 -0.31847099
site 141.916110 382.455191 41.083389 -0.89936183 0.36032209 -0.24762126
site 143.646795 387.119278 41.584406 -0.91670685 0.35900078 -0.17540522
site 145.377479 391.783366 42.085423 -0.92899371 0.35569859 -0.10222133
site 147.108163 396.447454 42.586440 -0.93615461 0.35043375 -0.02847341
site 148.838847 401.111541 43.087457 -0.93815004 0.34323529 0.04543162
site 150.569532 405.775629 43.588474 -0.93496899 0.33414295 0.11908597
site 152.300216 410.439717 44.089491 -0.92662902 0.32320690 0.19208323
site 154.030900 415.103804 44.590508 -0.91317613 0.31048746 0.26402063
site 155.761585 419.767892 45.091525 -0.89468456 0.29605484 0.33450122
site 157.492269 424.431980 45.592542 -0.87125635 0.27998865 0.40313612
site 159.222953 429.096067 46.093559 -0.84302076 0.26237756 0.46954661
site 160.953637 433.760155 46.594576 -0.81013358 0.24331874 0.53336626
site 162.684322 438.424243 47.095593 -0.77277629 0.22291734 0.59424293
site 164.415006 443.088330 47.596609 -0.73115502 0.20128593 0.65184071
site 166.145690 447.752418 48.097626 -0.68549941 0.17854389 0.70584180
site 167.876374 452.416506 48.598643 -0.63606138 0.15481668 0.75594822
site 169.607059 457.080594 49.099660 -0.58311372 0.13023523 0.80188351
site 171.337743 461.744681 49.600677 -0.52694859 0.10493517 0.84339421
site 173.068427 466.408769 50.101694 -0.46787589 0.07905611 0.88025126
site 174.799112 471.072857 50.602711 -0.40622156 0.05274084 0.91225131
site 176.529796 475.736944 51.103728 -0.34232580 0.02613455 0.93921778
site 178.260480 480.401032 51.604745 -0.27654117 -0.00061593 0.96100187
site 179.991164 485.065120 52.105762 -0.20923065 -0.02736302 0.97748340
site 181.721849 489.729207 52.606779 -0.14076566 -0.05395913 0.98857141
site 183.452533 494.393295 53.107796 -0.07152395 -0.08025750 0.99420474
site 185.183217 499.057383 53.608813 -0.00188759 -0.10611304 0.99435228
site 186.913901 503.721470 54.109830 0.06775918 -0.13138307 0.98901324
site 188.644586 508.385558 54.610847 0.13703208 -0.15592815 0.97821706
site 190.375270 513.049646 55.111864 0.20554886 -0.17961287 0.96202333
site 192.105954 517.713734 55.612881 0.27293148 -0.20230652 0.94052139
site 193.836638 522.377821 56.113897 0.33880813 -0.22388390 0.91382988
site 195.567323 527.041909 56.614914 0.40281532 -0.24422595 0.88209608
site 197.298007 531.705997 57.115931 0.46459988 -0.26322041 0.84549510
site 199.028691 536.370084 57.616948 0.52382089 -0.28076249 0.80422889
site 200.759376 541.034172 58.117965 0.58015158 -0.29675539 0.75852514
site 202.490060 545.698260 58.618982 0.63328114 -0.31111087 0.70863603
site 204.220744 550.362347 59.119999 0.68291641 -0.32374971 0.65483685
site 205.951428 555.026435 59.621016 0.72878352 -0.33460219 0.59742444
site 207.682113 559.690523 60.122033 0.77062938 -0.34360841 0.53671558
site 209.412797 564.354610 60.623050 0.80822310 -0.35071868 0.47304527
site 211.143481 569.018698 61.124067 0.84135724 -0.35589378 0.40676481
site 212.874165 573.682786 61.625084 0.86984898 -0.35910514 0.33823991
site 214.604850 578.346873 62.126101 0.89354111 -0.36033505 0.26784870
site 216.335534 583.010961 62.627118 0.91230291 -0.35957672 0.19597956
site 218.066218 587.675049 63.128135 0.92603083 -0.35683434 0.12302906
site 219.796903 592.339137 63.629152 0.93464915 -0.35212303 0.04939971
site 221.527587 597.003224 64.130169 0.93811031 -0.34546879 -0.02450221
site 223.258271 601.667312 64.631186 0.93639521 -0.33690834 -0.09826894
site 224.988955 606.331400 65.132202 0.92951331 -0.32648892 -0.17149344
site 226.719640 610.995487 65.633219 0.91750258 -0.31426801 -0.24377169
site 228.450324 615.659575 66.134236 0.90042930 -0.30031304 -0.31470486
site 230.181008 620.323663 66.635253 0.87838768 -0.28470103 -0.38390157
site 231.911692 624.987750 67.136270 0.85149933 -0.26751810 -0.45098000
site 233.642377 629.651838 67.637287 0.81991261 -0.24885907 -0.51557004
site 235.373061 634.315926 68.138304 0.78380182 -0.22882690 -0.57731529
site 237.103745 638.980013 68.639321 0.74336621 -0.20753213 -0.63587506
site 238.834430 643.644101 69.140338 0.69882889 -0.18509224 -0.69092623
site 240.565114 648.308189 69.641355 0.65043560 -0.16163105 -0.74216503
site 242.295798 652.972277 70.142372 0.59845337 -0.13727803 -0.78930876
site 244.026482 657.636364 70.643389 0.54316902 -0.11216754 -0.83209727
site 245.757167 662.300452 71.144406 0.48488759 -0.08643814 -0.87029447
site 247.487851 666.964540 71.645423 0.42393068 -0.06023179 -0.90368961
site 249.218535 671.628627 72.146440 0.36063462 -0.03369310 -0.93209841
site 250.949219 676.292715 72.647457 0.29534867 -0.00696850 -0.95536412
site 252.679904 680.956803 73.148474 0.22843306 0.01979455 -0.97335837
site 254.410588 685.620890 73.649490 0.16025702 0.04644838 -0.98598186
site 256.141272 690.284978 74.150507 0.09119671 0.07284592 -0.99316496
site 257.871957 694.949066 74.651524 0.02163320 0.09884151 -0.99486801
site 259.602641 699.613153 75.152541 -0.04804967 0.12429172 -0.99108163
site 261.333325 704.277241 75.653558 -0.11746742 0.14905612 -0.98182670
site 263.064009 708.941329 76.154575 -0.18623701 0.17299807 -0.96715430
site 264.794694 713.605416 76.655592 -0.25397899 0.19598545 -0.94714538
site 266.525378 718.269504 77.156609 -0.32031958 0.21789144 -0.92191035
site 268.256062 722.933592 77.657626 -0.38489272 0.23859515 -0.89158844
site 269.986746 727.597680 78.158643 -0.44734213 0.25798235 -0.85634697
site 271.717431 732.261767 78.659660 -0.50732320 0.27594608 -0.81638038
site 273.448115 736.925855 79.160677 -0.56450500 0.29238719 -0.77190921
site 275.178799 741.589943 79.661694 -0.61857199 0.30721499 -0.72317884
site 276.909484 746.254030 80.162711 -0.66922586 0.32034766 -0.67045815
site 278.640168 750.918118 80.663728 -0.71618711 0.33171272 -0.61403803
site 280.370852 755.582206 81.164745 -0.75919661 0.34124747 -0.55422980
site 282.101536 760.246293 81.665762 -0.79801705 0.34889931 -0.49136347
site 283.832221 764.910381 82.166778 -0.83243423 0.35462601 -0.42578592
site 285.562905 769.574469 82.667795 -0.86225824 0.35839596 -0.35785899
site 287.293589 774.238556 83.168812 -0.88732453 0.36018838 -0.28795747
site 289.024273 778.902644 83.669829 -0.90749478 0.35999337 -0.21646708
site 290.754958 783.566732 84.170846 -0.92265770 0.35781200 -0.14378228
site 292.485642 788.230819 84.671863 -0.93272962 0.35365631 -0.07030413
site 294.216326 792.894907 85.172880 -0.93765497 0.34754924 0.00356195
site 295.947011 797.558995 85.673897 -0.93740657 0.33952447 0.07740837
site 297.677695 802.223083 86.174914 -0.93198579 0.32962629 0.15082768
site 299.408379 806.887170 86.675931 -0.92142255 0.31790932 0.22341475
site 301.139063 811.551258 87.176948 -0.90577512 0.30443820 0.29476908
site 302.869748 816.215346 87.677965 -0.88512985 0.28928727 0.36449694
site 304.600432 820.879433 88.178982 -0.85960066 0.27254012 0.43221360
site 306.331116 825.543521 88.679999 -0.82932840 0.25428916 0.49754541
site 308.061800 830.207609 89.181016 -0.79448011 0.23463510 0.56013189
site 309.792485 834.871696 89.682033 -0.75524807 0.21368637 0.61962770
site 311.523169 839.535784 90.183050 -0.71184876 0.19155858 0.67570455
site 313.253853 844.199872 90.684066 -0.66452165 0.16837382 0.72805304
site 314.984538 848.863959 91.185083 -0.61352787 0.14426001 0.77638431
site 316.715222 853.528047 91.686100 -0.55914880 0.11935021 0.82043168
site 318.445906 858.192135 92.187117 -0.50168448 0.09378187 0.85995212
site 320.176590 862.856223 92.688134 -0.44145199 0.06769606 0.89472755
site 321.907275 867.520310 93.189151 -0.37878368 0.04123672 0.92456609
site 323.637959 872.184398 93.690168 -0.31402533 0.01454985 0.94930311
site 325.368643 876.848486 94.191185 -0.24753427 -0.01221731 0.96880211
site 327.099327 881.512573 94.692202 -0.17967738 -0.03891705 0.98295549
site 328.830012 886.176661 95.193219 -0.11082907 -0.06540206 0.99168518
site 330.560696 890.840749 95.694236 -0.04136923 -0.09152620 0.99494298
site 332.291380 895.504836 96.195253 0.02831887 -0.11714532 0.99271094
site 334.022065 900.168924 96.696270 0.09785072 -0.14211806 0.98500137
site 335.752749 904.833012 97.197287 0.16684265 -0.16630662 0.97185680
site 337.483433 909.497099 97.698304 0.23491398 -0.18957755 0.95334976
site 339.214117 914.161187 98.199321 0.30168912 -0.21180244 0.92958238
site 340.944802 918.825275 98.700338 0.36679961 -0.23285865 0.90068579
site 342.675486 923.489362 99.201354 0.42988619 -0.25263000 0.86681944
site 344.406170 928.153450 99.702371 0.49060076 -0.27100741 0.82817020
site 346.136854 932.817538 100.203388 0.54860832 -0.28788946 0.78495131
site 347.867539 937.481626 100.704405 0.60358880 -0.30318301 0.73740126
site 349.598223 942.145713 101.205422 0.65523882 -0.31680368 0.68578241
site 351.328907 946.809801 101.706439 0.70327340 -0.32867629 0.63037959
site 353.059592 951.473889 102.207456 0.74742748 -0.33873536 0.57149848
site 354.790276 956.137976 102.708473 0.78745745 -0.34692536 0.50946399
site 356.520960 960.802064 103.209490 0.82314242 -0.35320112 0.44461840
site 358.251644 965.466152 103.710507 0.85428550 -0.35752800 0.37731951
site 359.982329 970.130239 104.211524 0.88071484 -0.35988213 0.30793867
site 361.713013 974.794327 104.712541 0.90228461 -0.36025052 0.23685870
site 363.443697 979.458415 105.213558 0.91887580 -0.35863113 0.16447181
site 365.174381 984.122502 105.714575 0.93039686 -0.35503291 0.09117740
site 366.905066 988.786590 106.215592 0.93678422 -0.34947570 0.01737989
site 368.635750 993.450678 106.716609 0.93800263 -0.34199018 -0.05651351
site 370.366434 998.114766 107.217626 0.93404538 -0.33261763 -0.13009509
site 372.097119 1002.778853 107.718643 0.92493430 -0.32140979 -0.20295883
site 373.827803 1007.442941 108.219659 0.91071966 -0.30842848 -0.27470270
site 375.558487 1012.107029 108.720676 0.89147989 -0.29374534 -0.34493083
site 377.289171 1016.771116 109.221693 0.86732116 -0.27744139 -0.41325571
site 379.019856 1021.435204 109.722710 0.83837676 -0.25960659 -0.47930035
site 380.750540 1026.099292 110.223727 0.80480641 -0.24033934 -0.54270033
site 382.481224 1030.763379 110.724744 0.76679533 -0.21974595 -0.60310582
site 384.211908 1035.427467 111.225761 0.72455327 -0.19794007 -0.66018352
site 385.942593 1040.091555 111.726778 0.67831330 -0.17504199 -0.71361850
site 387.673277 1044.755642 112.227795 0.62833057 -0.15117808 -0.76311590
site 389.403961 1049.419730 112.728812 0.57488086 -0.12648001 -0.80840262
site 391.134646 1054.083818 113.229829 0.51825911 -0.10108405 -0.84922877
site 392.865330 1058.747905 113.730846 0.45877773 -0.07513034 -0.88536909
site 394.596014 1063.411993 114.231863 0.39676492 -0.04876207 -0.91662416
site 396.326698 1068.076081 114.732880 0.33256287 -0.02212475 -0.94282153
site 398.057383 1072.740169 115.233897 0.26652581 0.00463465 -0.96381664
site 399.788067 1077.404256 115.734914 0.19901813 0.03136848 -0.97949365
site 401.518751 1082.068344 116.235931 0.13041232 0.05792923 -0.98976605
site 403.249435 1086.732432 116.736947 0.06108693 0.08417034 -0.99457717
site 404.980120 1091.396519 117.237964 -0.00857553 0.10994701 -0.99390046
site 406.710804 1096.060607 117.738981 -0.07819067 0.13511703 -0.98773965
site 408.441488 1100.724695 118.239998 -0.14737437 0.15954150 -0.97612873
site 410.172173 1105.388782 118.741015 -0.21574490 0.18308566 -0.95913178
site 411.902857 1110.052870 119.242032 -0.28292500 0.20561960 -0.93684258
site 413.633541 1114.716958 119.743049 -0.34854399 0.22701898 -0.90938412
site 415.364225 1119.381045 120.244066 -0.41223980 0.24716573 -0.87690789
site 417.094910 1124.045133 120.745083 -0.47366097 0.26594868 -0.83959311
site 418.825594 1128.709221 121.246100 -0.53246860 0.28326419 -0.79764565
site 420.556278 1133.373309 121.747117 -0.58833820 0.29901672 -0.75129699
site 422.286962 1138.037396 122.248134 -0.64096149 0.31311934 -0.70080286
site 424.017647 1142.701484 122.749151 -0.69004812 0.32549426 -0.64644186
site 425.748331 1147.365572 123.250168 -0.73532723 0.33607317 -0.58851397
site 427.479015 1152.029659 123.751185 -0.77654899 0.34479772 -0.52733879
site 429.209700 1156.693747 124.252202 -0.81348594 0.35161976 -0.46325390
site 430.940384 1161.357835 124.753219 -0.84593428 0.35650164 -0.39661288
site 432.671068 1166.021922 125.254235 -0.87371496 0.35941644 -0.32778345
site 434.401752 1170.686010 125.755252 -0.89667470 0.36034807 -0.25714539
site 436.132437 1175.350098 126.256269 -0.91468681 0.35929139 -0.18508847
site 437.863121 1180.014185 126.757286 -0.92765190 0.35625222 -0.11201027
site 439.593805 1184.678273 127.258303 -0.93549844 0.35124735 -0.03831403
site 441.324489 1189.342361 127.759320 -0.93818313 0.34430437 0.03559362
site 443.055174 1194.006448 128.260337 -0.93569116 0.33546161 0.10930487
site 444.785858 1198.670536 128.761354 -0.92803628 0.32476786 0.18241300
site 446.516542 1203.334624 129.262371 -0.91526072 0.31228212 0.25451463
site 448.247227 1207.998712 129.763388 -0.89743498 0.29807328 0.32521190
site 449.977911 1212.662799 130.264405 -0.87465741 0.28221975 0.39411474
site 451.708595 1217.326887 130.765422 -0.84705370 0.26480900 0.46084294
site 453.439279 1221.990975 131.266439 -0.81477616 0.24593710 0.52502834
site 455.169964 1226.655062 131.767456 -0.77800288 0.22570818 0.58631675
site 456.900648 1231.319150 132.268473 -0.73693678 0.20423385 0.64437001
site 458.631332 1235.983238 132.769490 -0.69180444 0.18163262 0.69886780
site 460.362016 1240.647325 133.270507 -0.64285490 0.15802918 0.74950941
site 462.092701 1245.311413 133.771523 -0.59035824 0.13355377 0.79601541
site 463.823385 1249.975501 134.272540 -0.53460413 0.10834145 0.83812920
site 465.554069 1254.639588 134.773557 -0.47590021 0.08253133 0.87561839
site 467.284754 1259.303676 135.274574 -0.41457038 0.05626582 0.90827614
site 469.015438 1263.967764 135.775591 -0.35095307 0.02968985 0.93592225
site 470.746122 1268.631851 136.276608 -0.28539927 0.00295005 0.95840417
site 472.476806 1273.295939 136.777625 -0.21827072 -0.02380602 0.97559785
site 474.207491 1277.960027 137.278642 -0.14993780 -0.05043073 0.98740842
site 475.938175 1282.624115 137.779659 -0.08077756 -0.07677718 0.99377072
site 477.668859 1287.288202 138.280676 -0.01117161 -0.10270000 0.99464964
site 479.399543 1291.952290 138.781693 0.05849598 -0.12805614 0.99004033
site 481.130228 1296.616378 139.282710 0.12784080 -0.15270569 0.97996821
site 482.860912 1301.280465 139.783727 0.19648023 -0.17651266 0.96448888
site 484.591596 1305.944553 140.284744 0.26403553 -0.19934567 0.94368773
site 486.322281 1310.608641 140.785761 0.33013395 -0.22107874 0.91767955
site 488.052965 1315.272728 141.286778 0.39441077 -0.24159196 0.88660784
site 489.783649 1319.936816 141.787795 0.45651133 -0.26077213 0.85064405
site 491.514333 1324.600904 142.288812 0.51609297 -0.27851342 0.80998662
site 493.245018 1329.264991 142.789828 0.57282694 -0.29471794 0.76485987
site 494.975702 1333.929079 143.290845 0.62640020 -0.30929629 0.71551282
site 496.706386 1338.593167 143.791862 0.67651713 -0.32216801 0.66221775
site 498.437070 1343.257255 144.292879 0.72290120 -0.33326209 0.60526872
site 500.167755 1347.921342 144.793896 0.76529649 -0.34251732 0.54497997
site 501.898439 1352.585430 145.294913 0.80346906 -0.34988261 0.48168416
site 503.629123 1357.249518 145.795930 0.83720828 -0.35531734 0.41573053
site 505.359808 1361.913605 146.296947 0.86632800 -0.35879152 0.34748300
site 507.090492 1366.577693 146.797964 0.89066754 -0.36028598 0.27731815
site 508.821176 1371.241781 147.298981 0.91009259 -0.35979246 0.20562312
site 510.551860 1375.905868 147.799998 0.92449597 -0.35731370 0.13279352
site 512.282545 1380.569956 148.301015 0.93379821 -0.35286337 0.05923120
site 514.013229 1385.234044 148.802032 0.93794799 -0.34646603 -0.01465795
site 515.743913 1389.898131 149.303049 0.93692240 -0.33815698 -0.08846622
site 517.474597 1394.562219 149.804066 0.93072711 -0.32798205 -0.16178635
site 519.205282 1399.226307 150.305083 0.91939629 -0.31599741 -0.23421379
