301
Director field of a model cholesteric film (reactive mesogen + 4.7 wt% RRCD); site x y z (nm) nx ny nz (unit director)
site 0.000000 -0.000000 -0.000000 -0.13643658 0.31570578 -0.93899676
site 3.132148 -3.534011 -1.643294 -0.07206348 0.36731940 -0.92729893
site 6.264296 -7.068023 -3.286587 -0.00718991 0.41638210 -0.90916129
site 9.396444 -10.602034 -4.929881 0.05773358 0.46255314 -0.88470980
site 12.528591 -14.136045 -6.573174 0.12225614 0.50551190 -0.85411425
site 15.660739 -17.670057 -8.216468 0.18592966 0.54496002 -0.81758714
site 18.792887 -21.204068 -9.859761 0.24831196 0.58062356 -0.77538213
site 21.925035 -24.738079 -11.503055 0.30896980 0.61225484 -0.72779233
site 25.057183 -28.272091 -13.146349 0.36748194 0.63963420 -0.67514822
site 28.189331 -31.806102 -14.789642 0.42344202 0.66257148 -0.61781541
site 31.321479 -35.340113 -16.432936 0.47646143 0.68090741 -0.55619206
site 34.453626 -38.874125 -18.076229 0.52617196 0.69451463 -0.49070611
site 37.585774 -42.408136 -19.719523 0.57222838 0.70329866 -0.42181237
site 40.717922 -45.942147 -21.362817 0.61431084 0.70719849 -0.34998925
site 43.850070 -49.476159 -23.006110 0.65212710 0.70618704 -0.27573557
site 46.982218 -53.010170 -24.649404 0.68541453 0.70027133 -0.19956699
site 50.114366 -56.544181 -26.292697 0.71394196 0.68949244 -0.12201248
site 53.246514 -60.078192 -27.935991 0.73751128 0.67392524 -0.04361062
site 56.378661 -63.612204 -29.579284 0.75595880 0.65367782 0.03509410
site 59.510809 -67.146215 -31.222578 0.76915641 0.62889081 0.11355510
site 62.642957 -70.680226 -32.865872 0.77701246 0.59973634 0.19122749
site 65.775105 -74.214238 -34.509165 0.77947240 0.56641688 0.26757187
site 68.907253 -77.748249 -36.152459 0.77651912 0.52916382 0.34205804
site 72.039401 -81.282260 -37.795752 0.76817316 0.48823588 0.41416872
site 75.171549 -84.816272 -39.439046 0.75449246 0.44391728 0.48340312
site 78.303696 -88.350283 -41.082339 0.73557204 0.39651581 0.54928043
site 81.435844 -91.884294 -42.725633 0.71154328 0.34636066 0.61134315
site 84.567992 -95.418306 -44.368927 0.68257308 0.29380014 0.66916028
site 87.700140 -98.952317 -46.012220 0.64886260 0.23919926 0.72233028
site 90.832288 -102.486328 -47.655514 0.61064597 0.18293721 0.77048392
site 93.964436 -106.020340 -49.298807 0.56818859 0.12540472 0.81328678
site 97.096583 -109.554351 -50.942101 0.52178530 0.06700134 0.85044160
site 100.228731 -113.088362 -52.585395 0.47175837 0.00813264 0.88169036
site 103.360879 -116.622374 -54.228688 0.41845522 -0.05079253 0.90681605
site 106.493027 -120.156385 -55.871982 0.36224603 -0.10936496 0.92564417
site 109.625175 -123.690396 -57.515275 0.30352114 -0.16717788 0.93804396
site 112.757323 -127.224408 -59.158569 0.24268839 -0.22382981 0.94392932
site 115.889471 -130.758419 -60.801862 0.18017024 -0.27892730 0.94325937
site 119.021618 -134.292430 -62.445156 0.11640086 -0.33208773 0.93603877
site 122.153766 -137.826442 -64.088450 0.05182311 -0.38294191 0.92231766
site 125.285914 -141.360453 -65.731743 -0.01311453 -0.43113666 0.90219132
site 128.418062 -144.894464 -67.375037 -0.07796110 -0.47633731 0.87579954
site 131.550210 -148.428476 -69.018330 -0.14226625 -0.51822993 0.84332559
site 134.682358 -151.962487 -70.661624 -0.20558340 -0.55652360 0.80499500
site 137.814506 -155.496498 -72.304917 -0.26747284 -0.59095238 0.76107395
site 140.946653 -159.030510 -73.948211 -0.32750476 -0.62127718 0.71186748
site 144.078801 -162.564521 -75.591505 -0.38526225 -0.64728738 0.65771729
site 147.210949 -166.098532 -77.234798 -0.44034422 -0.66880237 0.59899946
site 150.343097 -169.632544 -78.878092 -0.49236812 -0.68567273 0.53612176
site 153.475245 -173.166555 -80.521385 -0.54097268 -0.69778130 0.46952084
site 156.607393 -176.700566 -82.164679 -0.58582034 -0.70504398 0.39965925
site 159.739541 -180.234577 -83.807973 -0.62659966 -0.70741034 0.32702214
site 162.871688 -183.768589 -85.451266 -0.66302742 -0.70486395 0.25211396
site 166.003836 -187.302600 -87.094560 -0.69485066 -0.69742249 0.17545493
site 169.135984 -190.836611 -88.737853 -0.72184837 -0.68513763 0.09757741
site 172.268132 -194.370623 -90.381147 -0.74383306 -0.66809471 0.01902225
site 175.400280 -197.904634 -92.024440 -0.76065205 -0.64641206 -0.05966502
site 178.532428 -201.438645 -93.667734 -0.77218853 -0.62024027 -0.13793793
site 181.664576 -204.972657 -95.311028 -0.77836240 -0.58976110 -0.21525290
site 184.796723 -208.506668 -96.954321 -0.77913078 -0.55518622 -0.29107301
site 187.928871 -212.040679 -98.597615 -0.77448832 -0.51675573 -0.36487170
site 191.061019 -215.574691 -100.240908 -0.76446727 -0.47473653 -0.43613647
site 194.193167 -219.108702 -101.884202 -0.74913723 -0.42942042 -0.50437240
site 197.325315 -222.642713 -103.527495 -0.72860465 -0.38112212 -0.56910561
site 200.457463 -226.176725 -105.170789 -0.70301213 -0.33017704 -0.62988655
site 203.589611 -229.710736 -106.814083 -0.67253740 -0.27693898 -0.68629312
site 206.721758 -233.244747 -108.457376 -0.63739210 -0.22177766 -0.73793359
site 209.853906 -236.778759 -110.100670 -0.59782030 -0.16507616 -0.78444933
site 212.986054 -240.312770 -111.743963 -0.55409681 -0.10722825 -0.82551731
site 216.118202 -243.846781 -113.387257 -0.50652529 -0.04863568 -0.86085231
site 219.250350 -247.380793 -115.030551 -0.45543611 0.01029465 -0.89020895
site 222.382498 -250.914804 -116.673844 -0.40118405 0.06915350 -0.91338335
site 225.514646 -254.448815 -118.317138 -0.34414589 0.12753209 -0.93021458
site 228.646793 -257.982827 -119.960431 -0.28471774 0.18502500 -0.94058575
site 231.778941 -261.516838 -121.603725 -0.22331231 0.24123298 -0.94442483
site 234.911089 -265.050849 -123.247018 -0.16035605 0.29576566 -0.94170516
site 238.043237 -268.584861 -124.890312 -0.09628616 0.34824434 -0.93244563
site 241.175385 -272.118872 -126.533606 -0.03154759 0.39830457 -0.91671054
site 244.307533 -275.652883 -128.176899 0.03341007 0.44559868 -0.89460918
site 247.439680 -279.186895 -129.820193 0.09813571 0.48979825 -0.86629502
site 250.571828 -282.720906 -131.463486 0.16217982 0.53059632 -0.83196469
site 253.703976 -286.254917 -133.106780 0.22509764 0.56770956 -0.79185662
site 256.836124 -289.788929 -134.750073 0.28645223 0.60088022 -0.74624935
site 259.968272 -293.322940 -136.393367 0.34581749 0.62987794 -0.69545959
site 263.100420 -296.856951 -138.036661 0.40278115 0.65450135 -0.63984008
site 266.232568 -300.390962 -139.679954 0.45694761 0.67457945 -0.57977706
site 269.364715 -303.924974 -141.323248 0.50794072 0.68997279 -0.51568767
site 272.496863 -307.458985 -142.966541 0.55540632 0.70057448 -0.44801698
site 275.629011 -310.992996 -144.609835 0.59901479 0.70631089 -0.37723495
site 278.761159 -314.527008 -146.253129 0.63846329 0.70714218 -0.30383313
site 281.893307 -318.061019 -147.896422 0.67347785 0.70306257 -0.22832128
site 285.025455 -321.595030 -149.539716 0.70381530 0.69410041 -0.15122381
site 288.157603 -325.129042 -151.183009 0.72926497 0.68031793 -0.07307614
site 291.289750 -328.663053 -152.826303 0.74965011 0.66181084 0.00557903
site 294.421898 -332.197064 -154.469596 0.76482915 0.63870767 0.08419545
site 297.554046 -335.731076 -156.112890 0.77469669 0.61116887 0.16222716
site 300.686194 -339.265087 -157.756184 0.77918418 0.57938569 0.23913225
site 303.818342 -342.799098 -159.399477 0.77826048 0.54357884 0.31437664
site 306.950490 -346.333110 -161.042771 0.77193199 0.50399700 0.38743778
site 310.082638 -349.867121 -162.686064 0.76024266 0.46091505 0.45780828
site 313.214785 -353.401132 -164.329358 0.74327367 0.41463218 0.52499943
site 316.346933 -356.935144 -165.972651 0.72114287 0.36546982 0.58854462
site 319.479081 -360.469155 -167.615945 0.69400394 0.31376938 0.64800255
site 322.611229 -364.003166 -169.259239 0.66204537 0.25988990 0.70296029
site 325.743377 -367.537178 -170.902532 0.62548909 0.20420557 0.75303618
site 328.875525 -371.071189 -172.545826 0.58458897 0.14710309 0.79788246
site 332.007673 -374.605200 -174.189119 0.53962906 0.08897902 0.83718768
site 335.139820 -378.139212 -175.832413 0.49092158 0.03023702 0.87067888
site 338.271968 -381.673223 -177.475706 0.43880481 -0.02871497 0.89812348
site 341.404116 -385.207234 -179.119000 0.38364066 -0.08746754 0.91933088
site 344.536264 -388.741246 -180.762294 0.32581224 -0.14561267 0.93415381
site 347.668412 -392.275257 -182.405587 0.26572115 -0.20274657 0.94248931
site 350.800560 -395.809268 -184.048881 0.20378471 -0.25847246 0.94427950
site 353.932708 -399.343280 -185.692174 0.14043305 -0.31240333 0.93951196
site 357.064855 -402.877291 -187.335468 0.07610612 -0.36416465 0.92821978
site 360.197003 -406.411302 -188.978762 0.01125065 -0.41339696 0.91048140
site 363.329151 -409.945314 -190.622055 -0.05368294 -0.45975834 0.88641999
site 366.461299 -413.479325 -192.265349 -0.11824373 -0.50292685 0.85620267
site 369.593447 -417.013336 -193.908642 -0.18198334 -0.54260268 0.82003927
site 372.725595 -420.547347 -195.551936 -0.24445914 -0.57851029 0.77818094
site 375.857743 -424.081359 -197.195229 -0.30523724 -0.61040032 0.73091838
site 378.989890 -427.615370 -198.838523 -0.36389556 -0.63805131 0.67857980
site 382.122038 -431.149381 -200.481817 -0.42002674 -0.66127121 0.62152870
site 385.254186 -434.683393 -202.125110 -0.47324095 -0.67989879 0.56016126
site 388.386334 -438.217404 -203.768404 -0.52316865 -0.69380467 0.49490367
site 391.518482 -441.751415 -205.411697 -0.56946309 -0.70289229 0.42620912
site 394.650630 -445.285427 -207.054991 -0.61180279 -0.70709853 0.35455468
site 397.782777 -448.819438 -208.698284 -0.64989370 -0.70639418 0.28043795
site 400.914925 -452.353449 -210.341578 -0.68347128 -0.70078413 0.20437368
site 404.047073 -455.887461 -211.984872 -0.71230237 -0.69030735 0.12689008
site 407.179221 -459.421472 -213.628165 -0.73618673 -0.67503659 0.04852528
site 410.311369 -462.955483 -215.271459 -0.75495849 -0.65507790 -0.03017652
site 413.443517 -466.489495 -216.914752 -0.76848729 -0.63056989 -0.10866876
site 416.575665 -470.023506 -218.558046 -0.77667917 -0.60168276 -0.18640632
site 419.707812 -473.557517 -220.201340 -0.77947725 -0.56861713 -0.26284934
site 422.839960 -477.091529 -221.844633 -0.77686209 -0.53160261 -0.33746696
site 425.972108 -480.625540 -223.487927 -0.76885186 -0.49089628 -0.40974096
site 429.104256 -484.159551 -225.131220 -0.75550218 -0.44678082 -0.47916944
site 432.236404 -487.693563 -226.774514 -0.73690576 -0.39956260 -0.54527023
site 435.368552 -491.227574 -228.417807 -0.71319176 -0.34956953 -0.60758428
site 438.500700 -494.761585 -230.061101 -0.68452485 -0.29714881 -0.66567884
site 441.632847 -498.295597 -231.704395 -0.65110411 -0.24266448 -0.71915046
site 444.764995 -501.829608 -233.347688 -0.61316166 -0.18649492 -0.76762779
site 447.897143 -505.363619 -234.990982 -0.57096098 -0.12903020 -0.81077418
site 451.029291 -508.897631 -236.634275 -0.52479514 -0.07066941 -0.84828998
site 454.161439 -512.431642 -238.277569 -0.47498476 -0.01181784 -0.87991466
site 457.293587 -515.965653 -239.920862 -0.42187575 0.04711580 -0.90542860
site 460.425735 -519.499665 -241.564156 -0.36583695 0.10572223 -0.92465460
site 463.557882 -523.033676 -243.207450 -0.30725751 0.16359446 -0.93745916
site 466.690030 -526.567687 -244.850743 -0.24654426 0.22033057 -0.94375334
site 469.822178 -530.101699 -246.494037 -0.18411883 0.27553655 -0.94349344
site 472.954326 -533.635710 -248.137330 -0.12041476 0.32882901 -0.93668125
site 476.086474 -537.169721 -249.780624 -0.05587444 0.37983786 -0.92336409
site 479.218622 -540.703732 -251.423918 0.00905391 0.42820884 -0.90363445
site 482.350770 -544.237744 -253.067211 0.07391939 0.47360604 -0.87762933
site 485.482917 -547.771755 -254.710505 0.13827151 0.51571418 -0.84552934
site 488.615065 -551.305766 -256.353798 0.20166339 0.55424085 -0.80755740
site 491.747213 -554.839778 -257.997092 0.26365477 0.58891848 -0.76397722
site 494.879361 -558.373789 -259.640385 0.32381514 0.61950624 -0.71509144
site 498.011509 -561.907800 -261.283679 0.38172672 0.64579172 -0.66123957
site 501.143657 -565.441812 -262.926973 0.43698732 0.66759237 -0.60279558
site 504.275805 -568.975823 -264.570266 0.48921317 0.68475679 -0.54016536
site 507.407952 -572.509834 -266.213560 0.53804158 0.69716578 -0.47378385
site 510.540100 -576.043846 -267.856853 0.58313346 0.70473315 -0.40411205
site 513.672248 -579.577857 -269.500147 0.62417564 0.70740637 -0.33163382
site 516.804396 -583.111868 -271.143440 0.66088312 0.70516686 -0.25685249
site 519.936544 -586.645880 -272.786734 0.69300095 0.69803018 -0.18028739
site 523.068692 -590.179891 -274.430028 0.72030611 0.68604589 -0.10247025
site 526.200840 -593.713902 -276.073321 0.74260895 0.66929721 -0.02394149
site 529.332987 -597.247914 -277.716615 0.75975459 0.64790046 0.05475354
site 532.465135 -600.781925 -279.359908 0.77162397 0.62200424 0.13306832
site 535.597283 -604.315936 -281.003202 0.77813464 0.59178838 0.21045899
site 538.729431 -607.849948 -282.646496 0.77924141 0.55746273 0.28638807
site 541.861579 -611.383959 -284.289789 0.77493657 0.51926567 0.36032828
site 544.993727 -614.917970 -285.933083 0.76525003 0.47746247 0.43176612
site 548.125874 -618.451982 -287.576376 0.75024906 0.43234342 0.50020547
site 551.258022 -621.985993 -289.219670 0.73003783 0.38422189 0.56517104
site 554.390170 -625.520004 -290.862963 0.70475671 0.33343204 0.62621167
site 557.522318 -629.054016 -292.506257 0.67458126 0.28032661 0.68290344
site 560.654466 -632.588027 -294.149551 0.63972105 0.22527440 0.73485265
site 563.786614 -636.122038 -295.792844 0.60041817 0.16865772 0.78169854
site 566.918762 -639.656050 -297.436138 0.55694556 0.11086976 0.82311575
site 570.050909 -643.190061 -299.079431 0.50960513 0.05231185 0.85881668
site 573.183057 -646.724072 -300.722725 0.45872564 -0.00660935 0.88855338
site 576.315205 -650.258084 -302.366018 0.40466044 -0.06548466 0.91211934
site 579.447353 -653.792095 -304.009312 0.34778500 -0.12390519 0.92935090
site 582.579501 -657.326106 -305.652606 0.28849429 -0.18146524 0.94012840
site 585.711649 -660.860117 -307.295899 0.22720007 -0.23776506 0.94437699
site 588.843797 -664.394129 -308.939193 0.16432802 -0.29241368 0.94206716
site 591.975944 -667.928140 -310.582486 0.10031476 -0.34503157 0.93321496
site 595.108092 -671.462151 -312.225780 0.03560485 -0.39525332 0.91788186
site 598.240240 -674.996163 -313.869074 -0.02935234 -0.44273016 0.89617434
site 601.372388 -678.530174 -315.512367 -0.09410567 -0.48713236 0.86824316
site 604.504536 -682.064185 -317.155661 -0.15820548 -0.52815158 0.83428229
site 607.636684 -685.598197 -318.798954 -0.22120659 -0.56550294 0.79452757
site 610.768832 -689.132208 -320.442248 -0.28267149 -0.59892706 0.74925510
site 613.900979 -692.666219 -322.085541 -0.34217332 -0.62819180 0.69877928
site 617.033127 -696.200231 -323.728835 -0.39929886 -0.65309394 0.64345065
site 620.165275 -699.734242 -325.372129 -0.45365138 -0.67346053 0.58365344
site 623.297423 -703.268253 -327.015422 -0.50485344 -0.68915015 0.51980293
site 626.429571 -706.802265 -328.658716 -0.55254943 -0.70005382 0.45234254
site 629.561719 -710.336276 -330.302009 -0.59640814 -0.70609582 0.38174078
site 632.693867 -713.870287 -331.945303 -0.63612497 -0.70723421 0.30848793
site 635.826014 -717.404299 -333.588596 -0.67142410 -0.70346106 0.23309273
site 638.958162 -720.938310 -335.231890 -0.70206039 -0.69480258 0.15607877
site 642.090310 -724.472321 -336.875184 -0.72782108 -0.68131891 0.07798089
site 645.222458 -728.006333 -338.518477 -0.74852727 -0.66310368 -0.00065854
site 648.354606 -731.540344 -340.161771 -0.76403516 -0.64028339 -0.07929340
site 651.486754 -735.074355 -341.805064 -0.77423706 -0.61301653 -0.15737760
site 654.618902 -738.608367 -343.448358 -0.77906211 -0.58149245 -0.23436885
site 657.751049 -742.142378 -345.091652 -0.77847681 -0.54593008 -0.30973248
site 660.883197 -745.676389 -346.734945 -0.77248522 -0.50657638 -0.38294511
site 664.015345 -749.210401 -348.378239 -0.76112895 -0.46370467 -0.45349830
site 667.147493 -752.744412 -350.021532 -0.74448686 -0.41761266 -0.52090208
site 670.279641 -756.278423 -351.664826 -0.72267454 -0.36862046 -0.58468835
site 673.411789 -759.812435 -353.308119 -0.69584345 -0.31706830 -0.64441414
site 676.543937 -763.346446 -354.951413 -0.66417995 -0.26331420 -0.69966466
site 679.676084 -766.880457 -356.594707 -0.62790391 -0.20773145 -0.75005622
site 682.808232 -770.414468 -358.238000 -0.58726726 -0.15070608 -0.79523886
site 685.940380 -773.948480 -359.881294 -0.54255222 -0.09263409 -0.83489880
site 689.072528 -777.482491 -361.524587 -0.49406932 -0.03391879 -0.86876063
site 692.204676 -781.016502 -363.167881 -0.44215525 0.02503206 -0.89658917
site 695.336824 -784.550514 -364.811174 -0.38717055 0.08380908 -0.91819116
site 698.468971 -788.084525 -366.454468 -0.32949706 0.14200407 -0.93341659
site 701.601119 -791.618536 -368.097762 -0.26953531 0.19921288 -0.94215972
site 704.733267 -795.152548 -369.741055 -0.20770172 0.25503822 -0.94435984
site 707.865415 -798.686559 -371.384349 -0.14442571 0.30909239 -0.94000165
site 710.997563 -802.220570 -373.027642 -0.08014670 0.36100001 -0.92911544
site 714.129711 -805.754582 -374.670936 -0.01531109 0.41040059 -0.91177679
site 717.261859 -809.288593 -376.314230 0.04963084 0.45695107 -0.88810613
site 720.394006 -812.822604 -377.957523 0.11422811 0.50032815 -0.85826784
site 723.526154 -816.356616 -379.600817 0.17803209 0.54023060 -0.82246913
site 726.658302 -819.890627 -381.244110 0.24059969 0.57638132 -0.78095862
site 729.790450 -823.424638 -382.887404 0.30149640 0.60852923 -0.73402459
site 732.922598 -826.958650 -384.530697 0.36029931 0.63645110 -0.68199297
site 736.054746 -830.492661 -386.173991 0.41660005 0.65995300 -0.62522511
site 739.186894 -834.026672 -387.817285 0.47000762 0.67887172 -0.56411526
site 742.319041 -837.560684 -389.460578 0.52015113 0.69307588 -0.49908779
site 745.451189 -841.094695 -391.103872 0.56668235 0.70246684 -0.43059430
site 748.583337 -844.628706 -392.747165 0.60927813 0.70697937 -0.35911047
site 751.715485 -848.162718 -394.390459 0.64764265 0.70658215 -0.28513272
site 754.847633 -851.696729 -396.033752 0.68150949 0.70127792 -0.20917481
site 757.979781 -855.230740 -397.677046 0.71064344 0.69110352 -0.13176425
site 761.111929 -858.764752 -399.320340 0.73484219 0.67612962 -0.05343862
site 764.244076 -862.298763 -400.963633 0.75393768 0.65646020 0.02525813
site 767.376224 -865.832774 -402.606927 0.76779730 0.63223186 0.10377946
site 770.508372 -869.366786 -404.250220 0.77632480 0.60361286 0.18158008
site 773.640520 -872.900797 -405.893514 0.77946095 0.57080194 0.25811968
site 776.772668 -876.434808 -407.536808 0.77718398 0.53402698 0.33286671
site 779.904816 -879.968820 -409.180101 0.76950969 0.49354336 0.40530209
site 783.036964 -883.502831 -410.823395 0.75649140 0.44963223 0.47492276
site 786.169111 -887.036842 -412.466688 0.73821949 0.40259853 0.54124523
site 789.301259 -890.570853 -414.109982 0.71482087 0.35276891 0.60380892
site 792.433407 -894.104865 -415.753275 0.68645803 0.30048942 0.66217934
site 795.565555 -897.638876 -417.396569 0.65332795 0.24612311 0.71595112
site 798.697703 -901.172887 -419.039863 0.61566070 0.19004756 0.76475083
site 801.829851 -904.706899 -420.683156 0.57371787 0.13265218 0.80823957
site 804.961999 -908.240910 -422.326450 0.52779074 0.07433557 0.84611533
site 808.094146 -911.774921 -423.969743 0.47819826 0.01550272 0.87811508
site 811.226294 -915.308933 -425.613037 0.42528484 -0.04343779 0.90401657
site 814.358442 -918.842944 -427.256330 0.36941794 -0.10207664 0.92363995
site 817.490590 -922.376955 -428.899624 0.31098554 -0.16000659 0.93684891
site 820.622738 -925.910967 -430.542918 0.25039344 -0.21682535 0.94355174
site 823.754886 -929.444978 -432.186211 0.18806243 -0.27213832 0.94370189
site 826.887034 -932.978989 -433.829505 0.12442539 -0.32556137 0.93729831
site 830.019181 -936.513001 -435.472798 0.05992425 -0.37672350 0.92438547
site 833.151329 -940.047012 -437.116092 -0.00499305 -0.42526939 0.90505305
site 836.283477 -943.581023 -438.759386 -0.06987567 -0.47086191 0.87943530
site 839.415625 -947.115035 -440.402679 -0.13427303 -0.51318444 0.84771014
site 842.547773 -950.649046 -442.045973 -0.19773790 -0.55194305 0.81009789
site 845.679921 -954.183057 -443.689266 -0.25982954 -0.58686859 0.76685975
site 848.812068 -957.717069 -445.332560 -0.32011674 -0.61771849 0.71829599
site 851.944216 -961.251080 -446.975853 -0.37818082 -0.64427853 0.66474389
site 855.076364 -964.785091 -448.619147 -0.43361856 -0.66636425 0.60657534
site 858.208512 -968.319103 -450.262441 -0.48604494 -0.68382226 0.54419430
site 861.340660 -971.853114 -451.905734 -0.53509588 -0.69653133 0.47803399
site 864.472808 -975.387125 -453.549028 -0.58043075 -0.70440320 0.40855389
site 867.604956 -978.921137 -455.192321 -0.62173469 -0.70738320 0.33623649
site 870.737103 -982.455148 -456.835615 -0.65872087 -0.70545064 0.26158404
site 873.869251 -985.989159 -458.478908 -0.69113244 -0.69861893 0.18511496
site 877.001399 -989.523171 -460.122202 -0.71874429 -0.68693552 0.10736031
site 880.133547 -993.057182 -461.765496 -0.74136468 -0.67048155 0.02886008
site 883.265695 -996.591193 -463.408789 -0.75883651 -0.64937128 -0.04984058
site 886.397843 -1000.125205 -465.052083 -0.77103845 -0.62375133 -0.12819510
site 889.529991 -1003.659216 -466.695376 -0.77788576 -0.59379960 -0.20565936
site 892.662138 -1007.193227 -468.338670 -0.77933089 -0.55972412 -0.28169536
site 895.794286 -1010.727238 -469.981964 -0.77536379 -0.52176152 -0.35577508
site 898.926434 -1014.261250 -471.625257 -0.76601202 -0.48017544 -0.42738405
site 902.058582 -1017.795261 -473.268551 -0.75134053 -0.43525469 -0.49602496
site 905.190730 -1021.329272 -474.911844 -0.73145120 -0.38731122 -0.56122113
site 908.322878 -1024.863284 -476.555138 -0.70648217 -0.33667799 -0.62251978
site 911.455026 -1028.397295 -478.198431 -0.67660682 -0.28370664 -0.67949522
site 914.587173 -1031.931306 -479.841725 -0.64203264 -0.22876502 -0.73175177
site 917.719321 -1035.465318 -481.485019 -0.60299974 -0.17223470 -0.77892652
site 920.851469 -1038.999329 -483.128312 -0.55977918 -0.11450826 -0.82069186
site 923.983617 -1042.533340 -484.771606 -0.51267113 -0.05598660 -0.85675774
site 927.115765 -1046.067352 -486.414899 -0.46200272 0.00292387 -0.88687369
site 930.247913 -1049.601363 -488.058193 -0.40812585 0.06181404 -0.91083056
site 933.380061 -1053.135374 -489.701486 -0.35141466 0.12027493 -0.92846200
site 936.512208 -1056.669386 -491.344780 -0.29226300 0.17790054 -0.93964554
site 939.644356 -1060.203397 -492.988074 -0.23108167 0.23429069 -0.94430352
