301
Director field of a model cholesteric film (E44 + 2.57 wt% S5011); site x y z (nm) nx ny nz (unit director)
site -0.000000 0.000000 0.000000 0.92142148 0.02412768 0.38781480
site -1.748491 2.432970 4.002928 0.90326918 -0.05166508 0.42595248
site -3.496981 4.865940 8.005857 0.87831659 -0.12706888 0.46088336
site -5.245472 7.298911 12.008785 0.84675156 -0.20151604 0.49234447
site -6.993963 9.731881 16.011714 0.80881174 -0.27444608 0.52009895
site -8.742453 12.164851 20.014642 0.76478276 -0.34530994 0.54393785
site -10.490944 14.597821 24.017571 0.71499608 -0.41357413 0.56368169
site -12.239434 17.030792 28.020499 0.65982653 -0.47872471 0.57918184
site -13.987925 19.463762 32.023428 0.59968946 -0.54027119 0.59032160
site -15.736416 21.896732 36.026356 0.53503761 -0.59775023 0.59701710
site -17.484906 24.329702 40.029285 0.46635771 -0.65072908 0.59921794
site -19.233397 26.762672 44.032213 0.39416682 -0.69880890 0.59690756
site -20.981888 29.195643 48.035142 0.31900844 -0.74162772 0.59010333
site -22.730378 31.628613 52.038070 0.24144839 -0.77886317 0.57885649
site -24.478869 34.061583 56.040999 0.16207059 -0.81023492 0.56325172
site -26.227360 36.494553 60.043927 0.08147263 -0.83550679 0.54340648
site -27.975850 38.927524 64.046856 0.00026131 -0.85448853 0.51947020
site -29.724341 41.360494 68.049784 -0.08095199 -0.86703722 0.49162306
site -31.472831 43.793464 72.052713 -0.16155583 -0.87305839 0.46007473
site -33.221322 46.226434 76.055641 -0.24094339 -0.87250672 0.42506271
site -34.969813 48.659404 80.058570 -0.31851701 -0.86538635 0.38685059
site -36.718303 51.092375 84.061498 -0.39369266 -0.85175090 0.34572605
site -38.466794 53.525345 88.064426 -0.46590438 -0.83170301 0.30199870
site -40.215285 55.958315 92.067355 -0.53460852 -0.80539362 0.25599775
site -41.963775 58.391285 96.070283 -0.59928785 -0.77302079 0.20806951
site -43.712266 60.824256 100.073212 -0.65945543 -0.73482826 0.15857481
site -45.460756 63.257226 104.076140 -0.71465827 -0.69110355 0.10788628
site -47.209247 65.690196 108.079069 -0.76448078 -0.64217584 0.05638552
site -48.957738 68.123166 112.081997 -0.80854788 -0.58841349 0.00446027
site -50.706228 70.556137 116.084926 -0.84652779 -0.53022126 -0.04749857
site -52.454719 72.989107 120.087854 -0.87813460 -0.46803723 -0.09909982
site -54.203210 75.422077 124.090783 -0.90313034 -0.40232958 -0.14995498
site -55.951700 77.855047 128.093711 -0.92132684 -0.33359297 -0.19968121
site -57.700191 80.288017 132.096640 -0.93258710 -0.26234489 -0.24790413
site -59.448682 82.720988 136.099568 -0.93682635 -0.18912175 -0.29426069
site -61.197172 85.153958 140.102497 -0.93401267 -0.11447479 -0.33840191
site -62.945663 87.586928 144.105425 -0.92416725 -0.03896601 -0.37999546
site -64.694153 90.019898 148.108354 -0.90736420 0.03683612 -0.41872819
site -66.442644 92.452869 152.111282 -0.88373004 0.11236094 -0.45430852
site -68.191135 94.885839 156.114211 -0.85344269 0.18703984 -0.48646858
site -69.939625 97.318809 160.117139 -0.81673016 0.26031061 -0.51496624
site -71.688116 99.751779 164.120068 -0.77386886 0.33162162 -0.53958696
site -73.436607 102.184749 168.122996 -0.72518146 0.40043601 -0.56014538
site -75.185097 104.617720 172.125924 -0.67103452 0.46623570 -0.57648673
site -76.933588 107.050690 176.128853 -0.61183566 0.52852532 -0.58848798
site -78.682079 109.483660 180.131781 -0.54803058 0.58683593 -0.59605878
site -80.430569 111.916630 184.134710 -0.48009964 0.64072852 -0.59914214
site -82.179060 114.349601 188.137638 -0.40855425 0.68979736 -0.59771483
site -83.927550 116.782571 192.140567 -0.33393305 0.73367305 -0.59178761
site -85.676041 119.215541 196.143495 -0.25679782 0.77202525 -0.58140510
site -87.424532 121.648511 200.146424 -0.17772928 0.80456524 -0.56664546
site -89.173022 124.081481 204.149352 -0.09732271 0.83104803 -0.54761982
site -90.921513 126.514452 208.152281 -0.01618343 0.85127425 -0.52447140
site -92.670004 128.947422 212.155209 0.06507768 0.86509163 -0.49737448
site -94.418494 131.380392 216.158138 0.14584886 0.87239614 -0.46653306
site -96.166985 133.813362 220.161066 0.22552200 0.87313278 -0.43217933
site -97.915476 136.246333 224.163995 0.30349730 0.86729602 -0.39457193
site -99.663966 138.679303 228.166923 0.37918771 0.85492979 -0.35399398
site -101.412457 141.112273 232.169852 0.45202339 0.83612720 -0.31075097
site -103.160947 143.545243 236.172780 0.52145600 0.81102979 -0.26516847
site -104.909438 145.978213 240.175709 0.58696281 0.77982653 -0.21758964
site -106.657929 148.411184 244.178637 0.64805065 0.74275231 -0.16837267
site -108.406419 150.844154 248.181566 0.70425962 0.70008626 -0.11788811
site -110.154910 153.277124 252.184494 0.75516655 0.65214959 -0.06651603
site -111.903401 155.710094 256.187422 0.80038819 0.59930319 -0.01464317
site -113.651891 158.143065 260.190351 0.83958408 0.54194492 0.03733992
site -115.400382 160.576035 264.193279 0.87245914 0.48050660 0.08904190
site -117.148872 163.009005 268.196208 0.89876586 0.41545077 0.14007353
site -118.897363 165.441975 272.199136 0.91830619 0.34726721 0.19005061
site -120.645854 167.874946 276.202065 0.93093302 0.27646923 0.23859689
site -122.394344 170.307916 280.204993 0.93655130 0.20358985 0.28534688
site -124.142835 172.740886 284.207922 0.93511872 0.12917773 0.32994863
site -125.891326 175.173856 288.210850 0.92664607 0.05379309 0.37206635
site -127.639816 177.606826 292.213779 0.91119713 -0.02199652 0.41138295
site -129.388307 180.039797 296.216707 0.88888822 -0.09762054 0.44760245
site -131.136798 182.472767 300.219636 0.85988729 -0.17250962 0.48045216
site -132.885288 184.905737 304.222564 0.82441267 -0.24609995 0.50968477
site -134.633779 187.338707 308.225493 0.78273143 -0.31783751 0.53508020
site -136.382269 189.771678 312.228421 0.73515737 -0.38718223 0.55644727
site -138.130760 192.204648 316.231350 0.68204866 -0.45361202 0.57362510
site -139.879251 194.637618 320.234278 0.62380513 -0.51662679 0.58648438
site -141.627741 197.070588 324.237207 0.56086525 -0.57575212 0.59492829
site -143.376232 199.503558 328.240135 0.49370289 -0.63054287 0.59889327
site -145.124723 201.936529 332.243064 0.42282366 -0.68058657 0.59834946
site -146.873213 204.369499 336.245992 0.34876120 -0.72550645 0.59330095
site -148.621704 206.802469 340.248921 0.27207308 -0.76496433 0.58378576
site -150.370195 209.235439 344.251849 0.19333664 -0.79866315 0.56987553
site -152.118685 211.668410 348.254777 0.11314467 -0.82634921 0.55167496
site -153.867176 214.101380 352.257706 0.03210088 -0.84781408 0.52932110
site -155.615666 216.534350 356.260634 -0.04918458 -0.86289615 0.50298222
site -157.364157 218.967320 360.263563 -0.13009975 -0.87148188 0.47285663
site -159.112648 221.400290 364.266491 -0.21003547 -0.87350663 0.43917112
site -160.861138 223.833261 368.269420 -0.28838992 -0.86895516 0.40217929
site -162.609629 226.266231 372.272348 -0.36457322 -0.85786173 0.36215965
site -164.358120 228.699201 376.275277 -0.43801182 -0.84030987 0.31941348
site -166.106610 231.132171 380.278205 -0.50815284 -0.81643170 0.27426259
site -167.855101 233.565142 384.281134 -0.57446821 -0.78640700 0.22704691
site -169.603592 235.998112 388.284062 -0.63645868 -0.75046182 0.17812190
site -171.352082 238.431082 392.286991 -0.69365755 -0.70886676 0.12785589
site -173.100573 240.864052 396.289919 -0.74563419 -0.66193497 0.07662732
site -174.849063 243.297022 400.292848 -0.79199731 -0.61001978 0.02482185
site -176.597554 245.729993 404.295776 -0.83239785 -0.55351204 -0.02717049
site -178.346045 248.162963 408.298705 -0.86653166 -0.49283717 -0.07895827
site -180.094535 250.595933 412.301633 -0.89414175 -0.42845196 -0.13015162
site -181.843026 253.028903 416.304562 -0.91502027 -0.36084113 -0.18036511
site -183.591517 255.461874 420.307490 -0.92901004 -0.29051371 -0.22922072
site -185.340007 257.894844 424.310419 -0.93600572 -0.21799913 -0.27635064
site -187.088498 260.327814 428.313347 -0.93595465 -0.14384335 -0.32140004
site -188.836988 262.760784 432.316275 -0.92885722 -0.06860464 -0.36402976
site -190.585479 265.193754 436.319204 -0.91476686 0.00715057 -0.40391888
site -192.333970 267.626725 440.322132 -0.89378964 0.08285194 -0.44076709
site -194.082460 270.059695 444.325061 -0.86608351 0.15792956 -0.47429696
site -195.830951 272.492665 448.327989 -0.83185704 0.23181820 -0.50425608
site -197.579442 274.925635 452.330918 -0.79136790 0.30396159 -0.53041889
site -199.327932 277.358606 456.333846 -0.74492093 0.37381660 -0.55258842
site -201.076423 279.791576 460.336775 -0.69286579 0.44085732 -0.57059777
site -202.824914 282.224546 464.339703 -0.63559440 0.50457902 -0.58431136
site -204.573404 284.657516 468.342632 -0.57353791 0.56450199 -0.59362595
site -206.321895 287.090487 472.345560 -0.50716352 0.62017509 -0.59847140
site -208.070385 289.523457 476.348489 -0.43697094 0.67117918 -0.59881124
site -209.818876 291.956427 480.351417 -0.36348861 0.71713028 -0.59464291
site -211.567367 294.389397 484.354346 -0.28726974 0.75768244 -0.58599780
site -213.315857 296.822367 488.357274 -0.20888816 0.79253036 -0.57294098
site -215.064348 299.255338 492.360203 -0.12893395 0.82141170 -0.55557076
site -216.812839 301.688308 496.363131 -0.04800906 0.84410900 -0.53401790
site -218.561329 304.121278 500.366060 0.03327727 0.86045141 -0.50844468
site -220.309820 306.554248 504.368988 0.11431307 0.87031589 -0.47904361
site -222.058311 308.987219 508.371917 0.19448826 0.87362816 -0.44603605
site -223.806801 311.420189 512.374845 0.27319924 0.87036329 -0.40967049
site -225.555292 313.853159 516.377773 0.34985343 0.86054587 -0.37022071
site -227.303782 316.286129 520.380702 0.42387374 0.84424980 -0.32798372
site -229.052273 318.719099 524.383630 0.49470290 0.82159778 -0.28327749
site -230.800764 321.152070 528.386559 0.56180767 0.79276032 -0.23643860
site -232.549254 323.585040 532.389487 0.62468286 0.75795455 -0.18781967
site -234.297745 326.018010 536.392416 0.68285511 0.71744249 -0.13778674
site -236.046236 328.450980 540.395344 0.73588645 0.67152914 -0.08671647
site -237.794726 330.883951 544.398273 0.78337766 0.62056016 -0.03499336
site -239.543217 333.316921 548.401201 0.82497117 0.56491928 0.01699321
site -241.291708 335.749891 552.404130 0.86035387 0.50502538 0.06885183
site -243.040198 338.182861 556.407058 0.88925937 0.44132939 0.12019211
site -244.788689 340.615831 560.409987 0.91147005 0.37431083 0.17062751
site -246.537179 343.048802 564.412915 0.92681870 0.30447426 0.21977835
site -248.285670 345.481772 568.415844 0.93518976 0.23234545 0.26727457
site -250.034161 347.914742 572.418772 0.93652022 0.15846742 0.31275861
site -251.782651 350.347712 576.421701 0.93080006 0.08339636 0.35588803
site -253.531142 352.780683 580.424629 0.91807234 0.00769745 0.39633814
site -255.279633 355.213653 584.427558 0.89843289 -0.06805941 0.43380441
site -257.028123 357.646623 588.430486 0.87202955 -0.14330389 0.46800476
site -258.776614 360.079593 592.433415 0.83906111 -0.21746949 0.49868173
site -260.525104 362.512563 596.436343 0.79977578 -0.28999787 0.52560436
site -262.273595 364.945534 600.439271 0.75446930 -0.36034299 0.54856995
site -264.022086 367.378504 604.442200 0.70348279 -0.42797526 0.56740563
site -265.770576 369.811474 608.445128 0.64720007 -0.49238551 0.58196957
site -267.519067 372.244444 612.448057 0.58604490 -0.55308881 0.59215213
site -269.267558 374.677415 616.450985 0.52047766 -0.60962817 0.59787666
site -271.016048 377.110385 620.453914 0.45099200 -0.66157792 0.59910005
site -272.764539 379.543355 624.456842 0.37811102 -0.70854696 0.59581311
site -274.513030 381.976325 628.459771 0.30238343 -0.75018169 0.58804056
site -276.261520 384.409296 632.462699 0.22437933 -0.78616865 0.57584093
site -278.010011 386.842266 636.465628 0.14468598 -0.81623691 0.55930607
site -279.758501 389.275236 640.468556 0.06390337 -0.84016011 0.53856045
site -281.506992 391.708206 644.471485 -0.01736035 -0.85775813 0.51376026
site -283.255483 394.141176 648.474413 -0.09849337 -0.86889850 0.48509221
site -285.003973 396.574147 652.477342 -0.17888488 -0.87349733 0.45277214
site -286.752464 399.007117 656.480270 -0.25792964 -0.87152002 0.41704335
site -288.500955 401.440087 660.483199 -0.33503258 -0.86298144 0.37817483
site -290.249445 403.873057 664.486127 -0.40961321 -0.84794588 0.33645922
site -291.997936 406.306028 668.489056 -0.48111006 -0.82652652 0.29221056
site -293.746427 408.738998 672.491984 -0.54898486 -0.79888464 0.24576199
site -295.494917 411.171968 676.494913 -0.61272660 -0.76522833 0.19746319
site -297.243408 413.604938 680.497841 -0.67185541 -0.72581098 0.14767778
site -298.991898 416.037908 684.500769 -0.72592614 -0.68092933 0.09678058
site -300.740389 418.470879 688.503698 -0.77453171 -0.63092129 0.04515476
site -302.488880 420.903849 692.506626 -0.81730620 -0.57616333 -0.00681101
site -304.237370 423.336819 696.509555 -0.85392757 -0.51706771 -0.05872551
site -305.985861 425.769789 700.512483 -0.88412012 -0.45407934 -0.11019788
site -307.734352 428.202760 704.515412 -0.90765654 -0.38767241 -0.16084063
site -309.482842 430.635730 708.518340 -0.92435964 -0.31834687 -0.21027248
site -311.231333 433.068700 712.521269 -0.93410368 -0.24662465 -0.25812130
site -312.979824 435.501670 716.524197 -0.93681528 -0.17304572 -0.30402683
site -314.728314 437.934640 720.527126 -0.93247404 -0.09816400 -0.34764349
site -316.476805 440.367611 724.530054 -0.92111264 -0.02254325 -0.38864291
site -318.225295 442.800581 728.532983 -0.90281661 0.05324722 -0.42671642
site -319.973786 445.233551 732.535911 -0.87772370 0.12863682 -0.46157737
site -321.722277 447.666521 736.538840 -0.84602282 0.20305796 -0.49296333
site -323.470767 450.099492 740.541768 -0.80795263 0.27595038 -0.52063800
site -325.219258 452.532462 744.544697 -0.76379975 0.34676530 -0.54439303
site -326.967749 454.965432 748.547625 -0.71389657 0.41496959 -0.56404958
site -328.716239 457.398402 752.550554 -0.65861880 0.48004976 -0.57945966
site -330.464730 459.831372 756.553482 -0.59838260 0.54151586 -0.59050727
site -332.213220 462.264343 760.556411 -0.53364146 0.59890515 -0.59710922
site -333.961711 464.697313 764.559339 -0.46488278 0.65178556 -0.59921581
site -335.710202 467.130283 768.562267 -0.39262421 0.69975898 -0.59681119
site -337.458692 469.563253 772.565196 -0.31740977 0.74246424 -0.58991346
site -339.207183 471.996224 776.568124 -0.23980569 0.77957984 -0.57857455
site -340.955674 474.429194 780.571053 -0.16039623 0.81082634 -0.56287982
site -342.704164 476.862164 784.573981 -0.07977922 0.83596852 -0.54294743
site -344.452655 479.295134 788.576910 0.00143841 0.85481708 -0.51892744
site -346.201146 481.728105 792.579838 0.08264522 0.86723012 -0.49100070
site -347.949636 484.161075 796.582767 0.16322982 0.87311419 -0.45937744
site -349.698127 486.594045 800.585695 0.24258554 0.87242500 -0.42429574
site -351.446617 489.027015 804.588624 0.32011495 0.86516773 -0.38601972
site -353.195108 491.459985 808.591552 0.39523437 0.85139701 -0.34483753
site -354.943599 493.892956 812.594481 0.46737825 0.83121653 -0.30105923
site -356.692089 496.325926 816.597409 0.53600346 0.80477820 -0.25501439
site -358.440580 498.758896 820.600338 0.60059335 0.77228108 -0.20704967
site -360.189071 501.191866 824.603266 0.66066165 0.73396981 -0.15752617
site -361.937561 503.624837 828.606195 0.71575615 0.69013283 -0.10681673
site -363.686052 506.057807 832.609123 0.76546205 0.64110017 -0.05530311
site -365.434543 508.490777 836.612052 0.80940514 0.58724096 -0.00337314
site -367.183033 510.923747 840.614980 0.84725460 0.52896069 0.04858222
site -368.931524 513.356717 844.617909 0.87872548 0.46669812 0.10017182
site -370.680014 515.789688 848.620837 0.90358085 0.40092200 0.15100729
site -372.428505 518.222658 852.623765 0.92163358 0.33212752 0.20070589
site -374.176996 520.655628 856.626694 0.93274776 0.26083262 0.24889346
site -375.925486 523.088598 860.629622 0.93683973 0.18757403 0.29520724
site -377.673977 525.521569 864.632551 0.93387866 0.11290328 0.33929854
site -379.422468 527.954539 868.635479 0.92388686 0.03738253 0.38083542
site -381.170958 530.387509 872.638408 0.90693955 -0.03841965 0.41950517
site -382.919449 532.820479 876.641336 0.88316432 -0.11393259 0.45501666
site -384.667939 535.253449 880.644265 0.85274015 -0.18858778 0.48710254
site -386.416430 537.686420 884.647193 0.81589611 -0.26182318 0.51552125
site -388.164921 540.119390 888.650122 0.77290956 -0.33308744 0.54005885
site -389.913411 542.552360 892.653050 0.72410414 -0.40184404 0.56053060
site -391.661902 544.985330 896.655979 0.66984728 -0.46757535 0.57678238
site -393.410393 547.418301 900.658907 0.61054746 -0.52978650 0.58869183
site -395.158883 549.851271 904.661836 0.54665111 -0.58800913 0.59616930
site -396.907374 552.284241 908.664764 0.47863928 -0.64180492 0.59915848
site -398.655865 554.717211 912.667693 0.40702399 -0.69076886 0.59763689
site -400.404355 557.150181 916.670621 0.33234442 -0.73453233 0.59161596
site -402.152846 559.583152 920.673550 0.25516278 -0.77276584 0.58114104
site -403.901336 562.016122 924.676478 0.17606014 -0.80518157 0.56629098
site -405.649827 564.449092 928.679407 0.09563202 -0.83153546 0.54717758
site -407.398318 566.882062 932.682335 0.01448394 -0.85162911 0.52394473
site -409.146808 569.315033 936.685264 -0.06677319 -0.86531124 0.49676735
site -410.895299 571.748003 940.688192 -0.14752761 -0.87247885 0.46585004
site -412.643790 574.180973 944.691120 -0.22717137 -0.87307797 0.43142557
site -414.392280 576.613943 948.694049 -0.30510486 -0.86710410 0.39375309
site -416.140771 579.046913 952.696977 -0.38074136 -0.85460221 0.35311624
site -417.889262 581.479884 956.699906 -0.45351143 -0.83566642 0.30982093
site -419.637752 583.912854 960.702834 -0.52286723 -0.81043929 0.26419313
site -421.386243 586.345824 964.705763 -0.58828661 -0.77911074 0.21657634
site -423.134733 588.778794 968.708691 -0.64927706 -0.74191664 0.16732905
site -424.883224 591.211765 972.711620 -0.70537940 -0.69913698 0.11682202
site -426.631715 593.644735 976.714548 -0.75617127 -0.65109386 0.06543549
site -428.380205 596.077705 980.717477 -0.80127028 -0.59814895 0.01355633
site -430.128696 598.510675 984.720405 -0.84033690 -0.54070086 -0.03842489
site -431.877187 600.943646 988.723334 -0.87307702 -0.47918209 -0.09011683
site -433.625677 603.376616 992.726262 -0.89924415 -0.41405578 -0.14113032
site -435.374168 605.809586 996.729191 -0.91864129 -0.34581224 -0.19108131
site -437.122659 608.242556 1000.732119 -0.93112242 -0.27496524 -0.23959374
site -438.871149 610.675526 1004.735048 -0.93659356 -0.20204815 -0.28630237
site -440.619640 613.108497 1008.737976 -0.93501352 -0.12760994 -0.33085557
site -442.368130 615.541467 1012.740905 -0.92639421 -0.05221102 -0.37291792
site -444.116621 617.974437 1016.743833 -0.91080051 0.02358098 -0.41217274
site -445.865112 620.407407 1020.746762 -0.88834982 0.09919545 -0.44832450
site -447.613602 622.840378 1024.749690 -0.85921116 0.17406312 -0.48110104
site -449.362093 625.273348 1028.752618 -0.82360390 0.24762035 -0.51025560
site -451.110584 627.706318 1032.755547 -0.78179611 0.31931337 -0.53556868
site -452.859074 630.139288 1036.758475 -0.73410255 0.38860242 -0.55684971
site -454.607565 632.572258 1040.761404 -0.68088227 0.45496587 -0.57393848
site -456.356055 635.005229 1044.764332 -0.62253595 0.51790410 -0.58670634
site -458.104546 637.438199 1048.767261 -0.55950285 0.57694326 -0.59505717
site -459.853037 639.871169 1052.770189 -0.49225751 0.63163889 -0.59892808
site -461.601527 642.304139 1056.773118 -0.42130620 0.68157921 -0.59828995
site -463.350018 644.737110 1060.776046 -0.34718307 0.72638824 -0.59314757
site -465.098509 647.170080 1064.778975 -0.27044616 0.76572863 -0.58353966
site -466.846999 649.603050 1068.781903 -0.19167319 0.79930421 -0.56953856
site -468.595490 652.036020 1072.784832 -0.11145720 0.82686220 -0.55124967
site -470.343981 654.468990 1076.787760 -0.03040210 0.84819513 -0.52881067
site -472.092471 656.901961 1080.790689 0.05088188 0.86314240 -0.50239051
site -473.840962 659.334931 1084.793617 0.13178279 0.87159148 -0.47218809
site -475.589452 661.767901 1088.796546 0.21169158 0.87347875 -0.43843078
site -477.337943 664.200871 1092.799474 0.29000663 0.86879001 -0.40137273
site -479.086434 666.633842 1096.802403 0.36613837 0.85756056 -0.36129294
site -480.834924 669.066812 1100.805331 0.43951362 0.83987493 -0.31849314
site -482.583415 671.499782 1104.808260 0.50957997 0.81586628 -0.27329555
site -484.331906 673.932752 1108.811188 0.57580994 0.78571536 -0.22604046
site -486.080396 676.365722 1112.814116 0.63770491 0.74964915 -0.17708360
site -487.828887 678.798693 1116.817045 0.69479889 0.70793918 -0.12679357
site -489.577378 681.231663 1120.819973 0.74666206 0.66089948 -0.07554897
site -491.325868 683.664633 1124.822902 0.79290396 0.60888417 -0.02373560
site -493.074359 686.097603 1128.825830 0.83317646 0.55228486 0.02825647
site -494.822849 688.530574 1132.828759 0.86717636 0.49152765 0.08003581
site -496.571340 690.963544 1136.831687 0.89464770 0.42706996 0.13121259
site -498.319831 693.396514 1140.834616 0.91538365 0.35939706 0.18140154
site -500.068321 695.829484 1144.837544 0.92922811 0.28901843 0.23022480
site -501.816812 698.262455 1148.840473 0.93607685 0.21646392 0.27731481
site -503.565303 700.695425 1152.843401 0.93587830 0.14227975 0.32231704
site -505.313793 703.128395 1156.846330 0.92863397 0.06702442 0.36489270
site -507.062284 705.561365 1160.849258 0.91439838 -0.00873550 0.40472125
site -508.810775 707.994335 1164.852187 0.89327872 -0.08442966 0.44150285
site -510.559265 710.427306 1168.855115 0.86543398 -0.15948818 0.47496057
site -512.307756 712.860276 1172.858044 0.83107379 -0.23334600 0.50484255
site -514.056246 715.293246 1176.860972 0.79045684 -0.30544706 0.53092380
site -515.804737 717.726216 1180.863901 0.74388891 -0.37524855 0.55300797
site -517.553228 720.159187 1184.866829 0.69172059 -0.44222498 0.57092880
site -519.301718 722.592157 1188.869758 0.63434463 -0.50587209 0.58455138
site -521.050209 725.025127 1192.872686 0.57219298 -0.56571074 0.59377315
site -522.798700 727.458097 1196.875614 0.50573356 -0.62129041 0.59852468
site -524.547190 729.891067 1200.878543 0.43546671 -0.67219268 0.59877019
