The XYZ file lists all carbon atoms of both layers of a model twisted bilayer graphene near an AA-stacked site (angstrom; rigid twist, layer spacing 3.35 Å; built from a published twist angle). Model conditions: the only measured input is the twist angle reported by Kerelsky et al. (Nature 2019; STM); both layers are ideal, unstrained graphene sheets (lattice constant 0.246 nm) rigidly rotated against each other, with no lattice relaxation, heterostrain or substrate effects, which is the idealization behind the moiré formulas used in the paper; real samples show slight heterostrain. Assuming the two layers are unstrained and rigidly twisted, what is the moiré period (the moiré lattice constant) of this bilayer, in nm?

选项：
A. 12.81 nm
B. 17.45 nm
C. 22.19 nm
D. 25.63 nm

附件：TBG-K110-atoms.xyz（均为本题完整输入）。范围：按论文转角构建的刚性转角模型（无晶格弛豫、无异质应变）；AA 位点图相当于 STM 形貌的亮点位置，不是实测图像。 只回答一个字母 A、B、C 或 D。

===== TBG-K110-atoms.xyz =====
962
Carbon atoms of both layers of a model rigid twisted bilayer graphene near an AA site (sample K110), angstrom
C -0.304561 -19.881611 0.000000
C -3.109445 -19.432801 0.000000
C 3.395883 -19.228073 0.000000
C -4.511886 -19.208396 0.000000
C 1.993441 -19.003668 0.000000
C -0.811442 -18.554858 0.000000
C 5.693886 -18.350130 0.000000
C -2.213884 -18.330453 0.000000
C 4.291444 -18.125725 0.000000
C -5.018767 -17.881644 0.000000
C 1.486561 -17.676915 0.000000
C -6.421208 -17.657239 0.000000
C 7.991888 -17.472187 0.000000
C 0.084119 -17.452511 0.000000
C 6.589447 -17.247782 0.000000
C -9.226092 -17.208429 0.000000
C -2.720764 -17.003701 0.000000
C 3.784563 -16.798973 0.000000
C -4.123206 -16.779296 0.000000
C 10.289891 -16.594244 0.000000
C 2.382122 -16.574568 0.000000
C 8.887449 -16.369839 0.000000
C -6.928089 -16.330486 0.000000
C -0.422761 -16.125758 0.000000
C -8.330530 -16.106082 0.000000
C 6.082566 -15.921030 0.000000
C -1.825203 -15.901353 0.000000
C 4.680125 -15.696625 0.000000
C -11.135414 -15.657272 0.000000
C 11.185452 -15.491897 0.000000
C -4.630086 -15.452544 0.000000
C -12.537855 -15.432867 0.000000
C 1.875241 -15.247815 0.000000
C -6.032528 -15.228139 0.000000
C 8.380569 -15.043087 0.000000
C 0.472800 -15.023410 0.000000
C 6.978127 -14.818682 0.000000
C -8.837411 -14.779329 0.000000
C 13.483455 -14.613954 0.000000
C -2.332083 -14.574601 0.000000
C -10.239853 -14.554924 0.000000
C 4.173244 -14.369872 0.000000
C -3.734525 -14.350196 0.000000
C 10.678572 -14.165144 0.000000
C 2.770802 -14.145468 0.000000
C -13.044736 -14.106115 0.000000
C 9.276130 -13.940739 0.000000
C -6.539408 -13.901386 0.000000
C -0.034081 -13.696658 0.000000
C -7.941850 -13.676981 0.000000
C 6.471247 -13.491930 0.000000
C -1.436522 -13.472253 0.000000
C 12.976574 -13.287201 0.000000
C 5.068805 -13.267525 0.000000
C -10.746733 -13.228172 0.000000
C 11.574133 -13.062797 0.000000
C -4.241406 -13.023443 0.000000
C -12.149175 -13.003767 0.000000
C 2.263922 -12.818715 0.000000
C -5.643847 -12.799039 0.000000
C 8.769249 -12.613987 0.000000
C 0.861480 -12.594310 0.000000
C -14.954058 -12.554957 0.000000
C 15.274577 -12.409259 0.000000
C 7.366808 -12.389582 0.000000
C -8.448730 -12.350229 0.000000
C 13.872135 -12.184854 0.000000
C -1.943403 -12.145501 0.000000
C -9.851172 -12.125824 0.000000
C 4.561925 -11.940772 0.000000
C -3.345845 -11.921096 0.000000
C 11.067252 -11.736044 0.000000
C 3.159483 -11.716367 0.000000
C -12.656055 -11.677014 0.000000
C 9.664811 -11.511639 0.000000
C -6.150728 -11.472286 0.000000
C -14.058497 -11.452610 0.000000
C 16.170138 -11.306911 0.000000
C 0.354600 -11.267558 0.000000
C -7.553169 -11.247881 0.000000
C 6.859927 -11.062830 0.000000
C -1.047842 -11.043153 0.000000
C 13.365255 -10.858101 0.000000
C 5.457486 -10.838425 0.000000
C -10.358053 -10.799072 0.000000
C 11.962813 -10.633696 0.000000
C -3.852725 -10.594343 0.000000
C -11.760494 -10.574667 0.000000
C 2.652603 -10.389615 0.000000
C -5.255167 -10.369938 0.000000
C 9.157930 -10.184887 0.000000
C 1.250161 -10.165210 0.000000
C -14.565377 -10.125857 0.000000
C 15.663258 -9.980158 0.000000
C 7.755488 -9.960482 0.000000
C -8.060050 -9.921129 0.000000
C -15.967819 -9.901452 0.000000
C 14.260816 -9.755754 0.000000
C -1.554722 -9.716400 0.000000
C -9.462491 -9.696724 0.000000
C 4.950605 -9.511672 0.000000
C -2.957164 -9.491996 0.000000
C 11.455933 -9.306944 0.000000
C 3.548164 -9.287267 0.000000
C -12.267375 -9.247914 0.000000
C 10.053491 -9.082539 0.000000
C -5.762047 -9.043186 0.000000
C -13.669816 -9.023509 0.000000
C 16.558819 -8.877811 0.000000
C 0.743280 -8.838458 0.000000
C -7.164489 -8.818781 0.000000
C 7.248608 -8.633729 0.000000
C -0.659161 -8.614053 0.000000
C -16.474700 -8.574700 0.000000
C 13.753935 -8.429001 0.000000
C 5.846166 -8.409325 0.000000
C -9.969372 -8.369971 0.000000
C -17.877141 -8.350295 0.000000
C 12.351494 -8.204596 0.000000
C -3.464044 -8.165243 0.000000
C -11.371814 -8.145567 0.000000
C 3.041283 -7.960515 0.000000
C -4.866486 -7.940838 0.000000
C 9.546611 -7.755787 0.000000
C 1.638841 -7.736110 0.000000
C -14.176697 -7.696757 0.000000
C 16.051938 -7.551058 0.000000
C 8.144169 -7.531382 0.000000
C -7.671369 -7.492029 0.000000
C -15.579138 -7.472352 0.000000
C 14.649497 -7.326653 0.000000
C -1.166042 -7.287300 0.000000
C -9.073811 -7.267624 0.000000
C 5.339286 -7.082572 0.000000
C -2.568483 -7.062896 0.000000
C -18.384022 -7.023542 0.000000
C 11.844613 -6.877844 0.000000
C 3.936844 -6.858167 0.000000
C -11.878694 -6.818814 0.000000
C 18.349941 -6.673115 0.000000
C 10.442172 -6.653439 0.000000
C -5.373367 -6.614086 0.000000
C -13.281136 -6.594409 0.000000
C 16.947499 -6.448711 0.000000
C 1.131961 -6.409358 0.000000
C -6.775808 -6.389681 0.000000
C 7.637288 -6.204629 0.000000
C -0.270481 -6.184953 0.000000
C -16.086019 -6.145600 0.000000
C 14.142616 -5.999901 0.000000
C 6.234847 -5.980224 0.000000
C -9.580691 -5.940871 0.000000
C -17.488461 -5.921195 0.000000
C 12.740174 -5.775496 0.000000
C -3.075364 -5.736143 0.000000
C -10.983133 -5.716467 0.000000
C 3.429964 -5.531415 0.000000
C -4.477805 -5.511738 0.000000
C 9.935291 -5.326686 0.000000
C 2.027522 -5.307010 0.000000
C -13.788016 -5.267657 0.000000
C 16.440619 -5.121958 0.000000
C 8.532850 -5.102282 0.000000
C -7.282689 -5.062929 0.000000
C -15.190458 -5.043252 0.000000
C 15.038177 -4.897553 0.000000
C -0.777361 -4.858200 0.000000
C -8.685130 -4.838524 0.000000
C 5.727966 -4.653472 0.000000
C -2.179803 -4.633795 0.000000
C -17.995341 -4.594442 0.000000
C 12.233294 -4.448744 0.000000
C 4.325525 -4.429067 0.000000
C -11.490014 -4.389714 0.000000
C -19.397783 -4.370037 0.000000
C 18.738621 -4.244015 0.000000
C 10.830852 -4.224339 0.000000
C -4.984686 -4.184986 0.000000
C -12.892455 -4.165309 0.000000
C 17.336180 -4.019611 0.000000
C 1.520642 -3.980257 0.000000
C -6.387128 -3.960581 0.000000
C 8.025969 -3.775529 0.000000
C 0.118200 -3.755853 0.000000
C -15.697338 -3.716500 0.000000
C 14.531297 -3.570801 0.000000
C 6.623527 -3.551124 0.000000
C -9.192011 -3.511771 0.000000
C -17.099780 -3.492095 0.000000
C 13.128855 -3.346396 0.000000
C -2.686683 -3.307043 0.000000
C -10.594452 -3.287366 0.000000
C 19.634183 -3.141668 0.000000
C 3.818644 -3.102315 0.000000
C -4.089125 -3.082638 0.000000
C 10.323972 -2.897586 0.000000
C 2.416203 -2.877910 0.000000
C -13.399336 -2.838557 0.000000
C 16.829299 -2.692858 0.000000
C 8.921530 -2.673182 0.000000
C -6.894008 -2.633828 0.000000
C -14.801777 -2.614152 0.000000
C 15.426858 -2.468453 0.000000
C -0.388681 -2.429100 0.000000
C -8.296450 -2.409424 0.000000
C 6.116647 -2.224372 0.000000
C -1.791122 -2.204695 0.000000
C -17.606660 -2.165342 0.000000
C 12.621974 -2.019644 0.000000
C 4.714205 -1.999967 0.000000
C -11.101333 -1.960614 0.000000
C -19.009102 -1.940937 0.000000
C 19.127302 -1.814915 0.000000
C 11.219533 -1.795239 0.000000
C -4.596005 -1.755886 0.000000
C -12.503775 -1.736209 0.000000
C 17.724860 -1.590510 0.000000
C 1.909322 -1.551157 0.000000
C -5.998447 -1.531481 0.000000
C 8.414650 -1.346429 0.000000
C 0.506881 -1.326752 0.000000
C -15.308658 -1.287399 0.000000
C 14.919977 -1.141701 0.000000
C 7.012208 -1.122024 0.000000
C -8.803330 -1.082671 0.000000
C -16.711099 -1.062995 0.000000
C 13.517536 -0.917296 0.000000
C -2.298003 -0.877943 0.000000
C -10.205772 -0.858266 0.000000
C 4.207325 -0.673215 0.000000
C -3.700444 -0.653538 0.000000
C -19.515983 -0.614185 0.000000
C 10.712652 -0.468486 0.000000
C 2.804883 -0.448810 0.000000
C -13.010655 -0.409457 0.000000
C 17.217980 -0.263758 0.000000
C 9.310211 -0.244081 0.000000
C -6.505328 -0.204728 0.000000
C -14.413097 -0.185052 0.000000
C 15.815538 -0.039353 0.000000
C 0.000000 0.000000 0.000000
C -7.907769 0.019677 0.000000
C 6.505328 0.204728 0.000000
C -1.402442 0.224405 0.000000
C -17.217980 0.263758 0.000000
C 13.010655 0.409457 0.000000
C 5.102886 0.429133 0.000000
C -10.712652 0.468486 0.000000
C -18.620422 0.488163 0.000000
C 19.515983 0.614185 0.000000
C 11.608213 0.633861 0.000000
C -4.207325 0.673215 0.000000
C -12.115094 0.692891 0.000000
C 18.113541 0.838590 0.000000
C 2.298003 0.877943 0.000000
C -5.609766 0.897619 0.000000
C 8.803330 1.082671 0.000000
C 0.895561 1.102348 0.000000
C -14.919977 1.141701 0.000000
C 15.308658 1.287399 0.000000
C 7.400889 1.307076 0.000000
C -8.414650 1.346429 0.000000
C -16.322419 1.366106 0.000000
C 13.906216 1.511804 0.000000
C -1.909322 1.551157 0.000000
C -9.817091 1.570834 0.000000
C 4.596005 1.755886 0.000000
C -3.311764 1.775562 0.000000
C -19.127302 1.814915 0.000000
C 11.101333 1.960614 0.000000
C 3.193564 1.980290 0.000000
C -12.621974 2.019644 0.000000
C 17.606660 2.165342 0.000000
C 9.698891 2.185019 0.000000
C -6.116647 2.224372 0.000000
C -14.024416 2.244048 0.000000
C 16.204219 2.389747 0.000000
C 0.388681 2.429100 0.000000
C -7.519089 2.448777 0.000000
C 6.894008 2.633828 0.000000
C -1.013761 2.653505 0.000000
C -16.829299 2.692858 0.000000
C 13.399336 2.838557 0.000000
C 5.491567 2.858233 0.000000
C -10.323972 2.897586 0.000000
C -18.231741 2.917263 0.000000
C 11.996894 3.062962 0.000000
C -3.818644 3.102315 0.000000
C -11.726413 3.121991 0.000000
C 18.502222 3.267690 0.000000
C 2.686683 3.307043 0.000000
C -5.221086 3.326719 0.000000
C 9.192011 3.511771 0.000000
C 1.284242 3.531448 0.000000
C -14.531297 3.570801 0.000000
C 15.697338 3.716500 0.000000
C 7.789569 3.736176 0.000000
C -8.025969 3.775529 0.000000
C -15.933738 3.795206 0.000000
C 14.294897 3.940904 0.000000
C -1.520642 3.980257 0.000000
C -9.428411 3.999934 0.000000
C 4.984686 4.184986 0.000000
C -2.923083 4.204662 0.000000
C -18.738621 4.244015 0.000000
C 11.490014 4.389714 0.000000
C 3.582244 4.409391 0.000000
C -12.233294 4.448744 0.000000
C 17.995341 4.594442 0.000000
C 10.087572 4.614119 0.000000
C -5.727966 4.653472 0.000000
C -13.635736 4.673148 0.000000
C 16.592899 4.818847 0.000000
C 0.777361 4.858200 0.000000
C -7.130408 4.877877 0.000000
C 7.282689 5.062929 0.000000
C -0.625080 5.082605 0.000000
C -16.440619 5.121958 0.000000
C 13.788016 5.267657 0.000000
C 5.880247 5.287333 0.000000
C -9.935291 5.326686 0.000000
C -17.843060 5.346363 0.000000
C 12.385575 5.492062 0.000000
C -3.429964 5.531415 0.000000
C -11.337733 5.551091 0.000000
C 18.890902 5.696790 0.000000
C 3.075364 5.736143 0.000000
C -4.832405 5.755820 0.000000
C 9.580691 5.940871 0.000000
C 1.672922 5.960548 0.000000
C -14.142616 5.999901 0.000000
C 16.086019 6.145600 0.000000
C 8.178250 6.165276 0.000000
C -7.637288 6.204629 0.000000
C -15.545058 6.224306 0.000000
C 14.683577 6.370004 0.000000
C -1.131961 6.409358 0.000000
C -9.039730 6.429034 0.000000
C 5.373367 6.614086 0.000000
C -2.534403 6.633762 0.000000
C -18.349941 6.673115 0.000000
C 11.878694 6.818814 0.000000
C 3.970925 6.838491 0.000000
C -11.844613 6.877844 0.000000
C 18.384022 7.023542 0.000000
C 10.476252 7.043219 0.000000
C -5.339286 7.082572 0.000000
C -13.247055 7.102249 0.000000
C 16.981580 7.247947 0.000000
C 1.166042 7.287300 0.000000
C -6.741727 7.306977 0.000000
C 7.671369 7.492029 0.000000
C -0.236400 7.511705 0.000000
C -16.051938 7.551058 0.000000
C 14.176697 7.696757 0.000000
C 6.268928 7.716433 0.000000
C -9.546611 7.755787 0.000000
C -17.454380 7.775463 0.000000
C 12.774255 7.921162 0.000000
C -3.041283 7.960515 0.000000
C -10.949052 7.980191 0.000000
C 3.464044 8.165243 0.000000
C -4.443725 8.184920 0.000000
C 9.969372 8.369971 0.000000
C 2.061603 8.389648 0.000000
C -13.753935 8.429001 0.000000
C 16.474700 8.574700 0.000000
C 8.566930 8.594376 0.000000
C -7.248608 8.633729 0.000000
C -15.156377 8.653406 0.000000
C 15.072258 8.799105 0.000000
C -0.743280 8.838458 0.000000
C -8.651050 8.858134 0.000000
C 5.762047 9.043186 0.000000
C -2.145722 9.062863 0.000000
C 12.267375 9.247914 0.000000
C 4.359606 9.267591 0.000000
C -11.455933 9.306944 0.000000
C 10.864933 9.472319 0.000000
C -4.950605 9.511672 0.000000
C -12.858374 9.531349 0.000000
C 17.370261 9.677047 0.000000
C 1.554722 9.716400 0.000000
C -6.353047 9.736077 0.000000
C 8.060050 9.921129 0.000000
C 0.152281 9.940805 0.000000
C -15.663258 9.980158 0.000000
C 14.565377 10.125857 0.000000
C 6.657608 10.145534 0.000000
C -9.157930 10.184887 0.000000
C -17.065699 10.204563 0.000000
C 13.162936 10.350262 0.000000
C -2.652603 10.389615 0.000000
C -10.560372 10.409292 0.000000
C 3.852725 10.594343 0.000000
C -4.055044 10.614020 0.000000
C 10.358053 10.799072 0.000000
C 2.450283 10.818748 0.000000
C -13.365255 10.858101 0.000000
C 8.955611 11.023476 0.000000
C -6.859927 11.062830 0.000000
C -14.767696 11.082506 0.000000
C 15.460938 11.228205 0.000000
C -0.354600 11.267558 0.000000
C -8.262369 11.287234 0.000000
C 6.150728 11.472286 0.000000
C -1.757041 11.491963 0.000000
C 12.656055 11.677014 0.000000
C 4.748286 11.696691 0.000000
C -11.067252 11.736044 0.000000
C 11.253614 11.901419 0.000000
C -4.561925 11.940772 0.000000
C -12.469694 11.960449 0.000000
C 1.943403 12.145501 0.000000
C -5.964366 12.165177 0.000000
C 8.448730 12.350229 0.000000
C 0.540961 12.369905 0.000000
C -15.274577 12.409259 0.000000
C 14.954058 12.554957 0.000000
C 7.046289 12.574634 0.000000
C -8.769249 12.613987 0.000000
C 13.551616 12.779362 0.000000
C -2.263922 12.818715 0.000000
C -10.171691 12.838392 0.000000
C 4.241406 13.023443 0.000000
C -3.666364 13.043120 0.000000
C 10.746733 13.228172 0.000000
C 2.838964 13.247848 0.000000
C -12.976574 13.287201 0.000000
C 9.344292 13.452577 0.000000
C -6.471247 13.491930 0.000000
C -14.379016 13.511606 0.000000
C 0.034081 13.696658 0.000000
C -7.873688 13.716334 0.000000
C 6.539408 13.901386 0.000000
C -1.368361 13.921063 0.000000
C 13.044736 14.106115 0.000000
C 5.136967 14.125791 0.000000
C -10.678572 14.165144 0.000000
C 11.642294 14.330519 0.000000
C -4.173244 14.369872 0.000000
C -12.081013 14.389549 0.000000
C 2.332083 14.574601 0.000000
C -5.575686 14.594277 0.000000
C 8.837411 14.779329 0.000000
C 0.929642 14.799006 0.000000
C 7.434969 15.003734 0.000000
C -8.380569 15.043087 0.000000
C -1.875241 15.247815 0.000000
C -9.783010 15.267492 0.000000
C 4.630086 15.452544 0.000000
C -3.277683 15.472220 0.000000
C 11.135414 15.657272 0.000000
C 3.227645 15.676948 0.000000
C 9.732972 15.881677 0.000000
C -6.082566 15.921030 0.000000
C 0.422761 16.125758 0.000000
C -7.485008 16.145435 0.000000
C 6.928089 16.330486 0.000000
C -0.979680 16.350163 0.000000
C 5.525647 16.554891 0.000000
C -10.289891 16.594244 0.000000
C -3.784563 16.798973 0.000000
C 2.720764 17.003701 0.000000
C -5.187005 17.023377 0.000000
C 9.226092 17.208429 0.000000
C 1.318322 17.228106 0.000000
C 7.823650 17.432834 0.000000
C -7.991888 17.472187 0.000000
C -1.486561 17.676915 0.000000
C 5.018767 17.881644 0.000000
C -2.889002 17.901320 0.000000
C 3.616325 18.106049 0.000000
C -5.693886 18.350130 0.000000
C 0.811442 18.554858 0.000000
C -7.096327 18.574535 0.000000
C -0.591000 18.779263 0.000000
C 5.914328 18.983991 0.000000
C -3.395883 19.228073 0.000000
C 3.109445 19.432801 0.000000
C 1.707003 19.657206 0.000000
C 0.077171 -19.883794 3.350000
C -2.735812 -19.488913 3.350000
C -4.142303 -19.291473 3.350000
C 3.764387 -19.159337 3.350000
C 2.357896 -18.961897 3.350000
C -0.455087 -18.567016 3.350000
C -1.861578 -18.369576 3.350000
C 6.045112 -18.237440 3.350000
C 4.638621 -18.040000 3.350000
C -4.674560 -17.974696 3.350000
C -6.081051 -17.777256 3.350000
C 1.825638 -17.645120 3.350000
C 0.419147 -17.447679 3.350000
C -8.894034 -17.382375 3.350000
C 8.325837 -17.315543 3.350000
C 6.919346 -17.118103 3.350000
C -2.393835 -17.052799 3.350000
C -3.800326 -16.855359 3.350000
C 4.106363 -16.723223 3.350000
C 2.699872 -16.525783 3.350000
C -6.613309 -16.460478 3.350000
C 10.606562 -16.393647 3.350000
C -8.019800 -16.263038 3.350000
C 9.200071 -16.196206 3.350000
C -0.113110 -16.130902 3.350000
C -1.519601 -15.933462 3.350000
C -10.832782 -15.868158 3.350000
C 6.387088 -15.801326 3.350000
C -12.239273 -15.670718 3.350000
C 4.980597 -15.603886 3.350000
C -4.332584 -15.538582 3.350000
C -5.739075 -15.341141 3.350000
C 11.480796 -15.274310 3.350000
C 2.167615 -15.209005 3.350000
C 0.761124 -15.011565 3.350000
C -8.552057 -14.946261 3.350000
C 8.667813 -14.879429 3.350000
C -9.958548 -14.748821 3.350000
C 7.261322 -14.681989 3.350000
C -2.051859 -14.616685 3.350000
C -3.458350 -14.419245 3.350000
C -12.771531 -14.353940 3.350000
C 13.761521 -14.352413 3.350000
C 4.448340 -14.287109 3.350000
C 3.041849 -14.089668 3.350000
C -6.271332 -14.024364 3.350000
C 10.948538 -13.957532 3.350000
C -7.677823 -13.826924 3.350000
C 9.542047 -13.760092 3.350000
C 0.228866 -13.694788 3.350000
C -1.177625 -13.497348 3.350000
C -10.490806 -13.432044 3.350000
C 6.729065 -13.365212 3.350000
C -11.897297 -13.234604 3.350000
C 5.322574 -13.167772 3.350000
C -3.990607 -13.102467 3.350000
C 13.229263 -13.035636 3.350000
C -5.397098 -12.905027 3.350000
C -14.710279 -12.839723 3.350000
C 11.822772 -12.838195 3.350000
C 2.509591 -12.772891 3.350000
C 1.103100 -12.575451 3.350000
C -8.210081 -12.510147 3.350000
C 9.009790 -12.443315 3.350000
C -9.616572 -12.312707 3.350000
C 7.603299 -12.245875 3.350000
C -1.709882 -12.180571 3.350000
C 15.509988 -12.113739 3.350000
C -3.116373 -11.983131 3.350000
C -12.429554 -11.917826 3.350000
C 14.103497 -11.916299 3.350000
C 4.790316 -11.850994 3.350000
C -13.836045 -11.720386 3.350000
C 3.383825 -11.653554 3.350000
C -5.929356 -11.588250 3.350000
C 11.290515 -11.521418 3.350000
C -7.335847 -11.390810 3.350000
C 9.884023 -11.323978 3.350000
C 0.570843 -11.258674 3.350000
C -0.835648 -11.061234 3.350000
C -10.148829 -10.995930 3.350000
C 16.384222 -10.994402 3.350000
C 7.071041 -10.929098 3.350000
C -11.555320 -10.798489 3.350000
C 5.664550 -10.731658 3.350000
C -3.648631 -10.666353 3.350000
C 13.571240 -10.599521 3.350000
C -5.055122 -10.468913 3.350000
C -14.368303 -10.403609 3.350000
C 12.164748 -10.402081 3.350000
C 2.851568 -10.336777 3.350000
C -15.774794 -10.206169 3.350000
C 1.445077 -10.139337 3.350000
C -7.868104 -10.074033 3.350000
C 9.351766 -10.007201 3.350000
C -9.274595 -9.876593 3.350000
C 7.945275 -9.809761 3.350000
C -1.367906 -9.744457 3.350000
C 15.851965 -9.677625 3.350000
C -2.774397 -9.547016 3.350000
C -12.087578 -9.481712 3.350000
C 14.445473 -9.480185 3.350000
C 5.132293 -9.414880 3.350000
C -13.494069 -9.284272 3.350000
C 3.725802 -9.217440 3.350000
C -5.587379 -9.152136 3.350000
C 11.632491 -9.085304 3.350000
C -6.993870 -8.954696 3.350000
C -16.307051 -8.889392 3.350000
C 10.226000 -8.887864 3.350000
C 0.912819 -8.822560 3.350000
C -17.713542 -8.691951 3.350000
C -0.493672 -8.625120 3.350000
C -9.806853 -8.559815 3.350000
C 16.726198 -8.558288 3.350000
C 7.413018 -8.492984 3.350000
C -11.213344 -8.362375 3.350000
C 6.006526 -8.295543 3.350000
C -3.306654 -8.230239 3.350000
C 13.913216 -8.163407 3.350000
C -4.713145 -8.032799 3.350000
C -14.026326 -7.967495 3.350000
C 12.506725 -7.965967 3.350000
C 3.193544 -7.900663 3.350000
C -15.432817 -7.770055 3.350000
C 1.787053 -7.703223 3.350000
C -7.526128 -7.637919 3.350000
C 9.693743 -7.571087 3.350000
C -8.932619 -7.440478 3.350000
C -18.245800 -7.375174 3.350000
C 8.287251 -7.373647 3.350000
C -1.025929 -7.308342 3.350000
C 16.193941 -7.241511 3.350000
C -2.432420 -7.110902 3.350000
C -11.745601 -7.045598 3.350000
C 14.787450 -7.044070 3.350000
C 5.474269 -6.978766 3.350000
C -13.152092 -6.848158 3.350000
C 4.067778 -6.781326 3.350000
C -5.245403 -6.716022 3.350000
C 11.974468 -6.649190 3.350000
C -6.651894 -6.518582 3.350000
C -15.965075 -6.453277 3.350000
C 10.567976 -6.451750 3.350000
C 1.254796 -6.386446 3.350000
C 18.474666 -6.319614 3.350000
C -17.371566 -6.255837 3.350000
C -0.151696 -6.189005 3.350000
C -9.464876 -6.123701 3.350000
C 17.068175 -6.122174 3.350000
C 7.754994 -6.056869 3.350000
C -10.871367 -5.926261 3.350000
C 6.348503 -5.859429 3.350000
C -2.964678 -5.794125 3.350000
C 14.255192 -5.727293 3.350000
C -4.371169 -5.596685 3.350000
C -13.684350 -5.531381 3.350000
C 12.848701 -5.529853 3.350000
C 3.535521 -5.464549 3.350000
C -15.090841 -5.333941 3.350000
C 2.129029 -5.267109 3.350000
C -7.184151 -5.201804 3.350000
C 10.035719 -5.134973 3.350000
C -8.590642 -5.004364 3.350000
C -17.903823 -4.939060 3.350000
C 8.629228 -4.937532 3.350000
C -0.683953 -4.872228 3.350000
C 16.535917 -4.805396 3.350000
C -19.310314 -4.741620 3.350000
C -2.090444 -4.674788 3.350000
C -11.403625 -4.609484 3.350000
C 15.129426 -4.607956 3.350000
C 5.816246 -4.542652 3.350000
C -12.810116 -4.412044 3.350000
C 4.409754 -4.345212 3.350000
C -4.903426 -4.279908 3.350000
C 12.316444 -4.213076 3.350000
C -6.309918 -4.082468 3.350000
C -15.623098 -4.017163 3.350000
C 10.909953 -4.015636 3.350000
C 1.596772 -3.950331 3.350000
C 18.816642 -3.883500 3.350000
C -17.029589 -3.819723 3.350000
C 0.190281 -3.752891 3.350000
C -9.122900 -3.687587 3.350000
C 17.410151 -3.686059 3.350000
C 8.096970 -3.620755 3.350000
C -10.529391 -3.490147 3.350000
C 6.690479 -3.423315 3.350000
C -2.622701 -3.358011 3.350000
C 14.597169 -3.291179 3.350000
C -4.029193 -3.160571 3.350000
C -13.342373 -3.095267 3.350000
C 13.190678 -3.093739 3.350000
C 3.877497 -3.028435 3.350000
C -14.748864 -2.897826 3.350000
C 2.471006 -2.830995 3.350000
C -6.842175 -2.765690 3.350000
C 19.690876 -2.764163 3.350000
C 10.377695 -2.698858 3.350000
C -8.248666 -2.568250 3.350000
C -17.561847 -2.502946 3.350000
C 8.971204 -2.501418 3.350000
C -0.341976 -2.436114 3.350000
C 16.877894 -2.369282 3.350000
C -18.968338 -2.305506 3.350000
C -1.748468 -2.238674 3.350000
C -11.061648 -2.173370 3.350000
C 15.471403 -2.171842 3.350000
C 6.158222 -2.106538 3.350000
C -12.468139 -1.975930 3.350000
C 4.751731 -1.909098 3.350000
C -4.561450 -1.843794 3.350000
C 12.658420 -1.776962 3.350000
C -5.967941 -1.646353 3.350000
C -15.281122 -1.581049 3.350000
C 11.251929 -1.579522 3.350000
C 1.938749 -1.514217 3.350000
C 19.158619 -1.447385 3.350000
C -16.687613 -1.383609 3.350000
C 0.532257 -1.316777 3.350000
C -8.780923 -1.251473 3.350000
C 17.752128 -1.249945 3.350000
C 8.438947 -1.184641 3.350000
C -10.187415 -1.054033 3.350000
C -19.500595 -0.988729 3.350000
C 7.032456 -0.987201 3.350000
C -2.280725 -0.921897 3.350000
C 14.939145 -0.855065 3.350000
C -3.687216 -0.724457 3.350000
C -13.000397 -0.659152 3.350000
C 13.532654 -0.657625 3.350000
C 4.219473 -0.592321 3.350000
C -14.406888 -0.461712 3.350000
C 2.812982 -0.394880 3.350000
C -6.500198 -0.329576 3.350000
C 10.719672 -0.262744 3.350000
C -7.906690 -0.132136 3.350000
C -17.219870 -0.066832 3.350000
C 9.313181 -0.065304 3.350000
C 0.000000 0.000000 3.350000
C 17.219870 0.066832 3.350000
C -18.626361 0.130608 3.350000
C -1.406491 0.197440 3.350000
C -10.719672 0.262744 3.350000
C 15.813379 0.264272 3.350000
C 6.500198 0.329576 3.350000
C -12.126163 0.460185 3.350000
C 5.093707 0.527016 3.350000
C -4.219473 0.592321 3.350000
C 13.000397 0.659152 3.350000
C -5.625965 0.789761 3.350000
C -14.939145 0.855065 3.350000
C 11.593906 0.856593 3.350000
C 2.280725 0.921897 3.350000
C 19.500595 0.988729 3.350000
C -16.345637 1.052505 3.350000
C 0.874234 1.119337 3.350000
C -8.438947 1.184641 3.350000
C 18.094104 1.186169 3.350000
C 8.780923 1.251473 3.350000
C -9.845438 1.382081 3.350000
C -19.158619 1.447385 3.350000
C 7.374432 1.448913 3.350000
C -1.938749 1.514217 3.350000
C 15.281122 1.581049 3.350000
C -3.345240 1.711658 3.350000
C -12.658420 1.776962 3.350000
C 13.874631 1.778489 3.350000
C 4.561450 1.843794 3.350000
C -14.064912 1.974402 3.350000
C 3.154959 2.041234 3.350000
C -6.158222 2.106538 3.350000
C 11.061648 2.173370 3.350000
C -7.564713 2.303978 3.350000
C -16.877894 2.369282 3.350000
C 9.655157 2.370810 3.350000
C 0.341976 2.436114 3.350000
C 17.561847 2.502946 3.350000
C -18.284385 2.566722 3.350000
C -1.064515 2.633554 3.350000
C -10.377695 2.698858 3.350000
C 16.155356 2.700386 3.350000
C 6.842175 2.765690 3.350000
C -11.784187 2.896299 3.350000
C 5.435684 2.963131 3.350000
C -3.877497 3.028435 3.350000
C 13.342373 3.095267 3.350000
C -5.283988 3.225875 3.350000
C -14.597169 3.291179 3.350000
C 11.935882 3.292707 3.350000
C 2.622701 3.358011 3.350000
C -16.003660 3.488619 3.350000
C 1.216210 3.555451 3.350000
C -8.096970 3.620755 3.350000
C 18.436081 3.622283 3.350000
C 9.122900 3.687587 3.350000
C -9.503462 3.818195 3.350000
C -18.816642 3.883500 3.350000
C 7.716409 3.885027 3.350000
C -1.596772 3.950331 3.350000
C 15.623098 4.017163 3.350000
C -3.003263 4.147772 3.350000
C -12.316444 4.213076 3.350000
C 14.216607 4.214604 3.350000
C 4.903426 4.279908 3.350000
C -13.722935 4.410516 3.350000
C 3.496935 4.477348 3.350000
C -5.816246 4.542652 3.350000
C 11.403625 4.609484 3.350000
C -7.222737 4.740092 3.350000
C -16.535917 4.805396 3.350000
C 9.997134 4.806924 3.350000
C 0.683953 4.872228 3.350000
C 17.903823 4.939060 3.350000
C -17.942409 5.002837 3.350000
C -0.722538 5.069668 3.350000
C -10.035719 5.134973 3.350000
C 16.497332 5.136500 3.350000
C 7.184151 5.201804 3.350000
C -11.442210 5.332413 3.350000
C 5.777660 5.399245 3.350000
C -3.535521 5.464549 3.350000
C 13.684350 5.531381 3.350000
C -4.942012 5.661989 3.350000
C -14.255192 5.727293 3.350000
C 12.277859 5.728821 3.350000
C 2.964678 5.794125 3.350000
C -15.661684 5.924733 3.350000
C 1.558187 5.991565 3.350000
C -7.754994 6.056869 3.350000
C 18.778057 6.058397 3.350000
C 9.464876 6.123701 3.350000
C -9.161485 6.254310 3.350000
C -18.474666 6.319614 3.350000
C 8.058385 6.321141 3.350000
C -1.254796 6.386446 3.350000
C 15.965075 6.453277 3.350000
C -2.661287 6.583886 3.350000
C -11.974468 6.649190 3.350000
C 14.558584 6.650718 3.350000
C 5.245403 6.716022 3.350000
C -13.380959 6.846630 3.350000
C 3.838912 6.913462 3.350000
C -5.474269 6.978766 3.350000
C 11.745601 7.045598 3.350000
C -6.880760 7.176206 3.350000
C -16.193941 7.241511 3.350000
C 10.339110 7.243038 3.350000
C 1.025929 7.308342 3.350000
C 18.245800 7.375174 3.350000
C -17.600432 7.438951 3.350000
C -0.380562 7.505783 3.350000
C -9.693743 7.571087 3.350000
C 16.839308 7.572614 3.350000
C 7.526128 7.637919 3.350000
C -11.100234 7.768527 3.350000
C 6.119637 7.835359 3.350000
C -3.193544 7.900663 3.350000
C 14.026326 7.967495 3.350000
C -4.600035 8.098103 3.350000
C -13.913216 8.163407 3.350000
C 12.619835 8.164935 3.350000
C 3.306654 8.230239 3.350000
C -15.319707 8.360848 3.350000
C 1.900163 8.427679 3.350000
C -7.413018 8.492984 3.350000
C 9.806853 8.559815 3.350000
C -8.819509 8.690424 3.350000
C 8.400362 8.757256 3.350000
C -0.912819 8.822560 3.350000
C 16.307051 8.889392 3.350000
C -2.319310 9.020000 3.350000
C -11.632491 9.085304 3.350000
C 14.900560 9.086832 3.350000
C 5.587379 9.152136 3.350000
C -13.038982 9.282744 3.350000
C 4.180888 9.349576 3.350000
C -5.132293 9.414880 3.350000
C 12.087578 9.481712 3.350000
C -6.538784 9.612321 3.350000
C -15.851965 9.677625 3.350000
C 10.681086 9.679152 3.350000
C 1.367906 9.744457 3.350000
C -17.258456 9.875065 3.350000
C -0.038585 9.941897 3.350000
C -9.351766 10.007201 3.350000
C 17.181285 10.008729 3.350000
C 7.868104 10.074033 3.350000
C -10.758257 10.204641 3.350000
C 6.461613 10.271473 3.350000
C -2.851568 10.336777 3.350000
C 14.368303 10.403609 3.350000
C -4.258059 10.534217 3.350000
C -13.571240 10.599521 3.350000
C 12.961811 10.601049 3.350000
C 3.648631 10.666353 3.350000
C -14.977731 10.796962 3.350000
C 2.242140 10.863794 3.350000
C -7.071041 10.929098 3.350000
C 10.148829 10.995930 3.350000
C -8.477532 11.126538 3.350000
C 8.742338 11.193370 3.350000
C -0.570843 11.258674 3.350000
C -1.977334 11.456114 3.350000
C -11.290515 11.521418 3.350000
C 15.242536 11.522946 3.350000
C 5.929356 11.588250 3.350000
C -12.697006 11.718858 3.350000
C 4.522865 11.785690 3.350000
C -4.790316 11.850994 3.350000
C 12.429554 11.917826 3.350000
C -6.196807 12.048435 3.350000
C -15.509988 12.113739 3.350000
C 11.023063 12.115267 3.350000
C 1.709882 12.180571 3.350000
C 0.303391 12.378011 3.350000
C -9.009790 12.443315 3.350000
C 8.210081 12.510147 3.350000
C -10.416281 12.640755 3.350000
C 6.803589 12.707587 3.350000
C -2.509591 12.772891 3.350000
C 14.710279 12.839723 3.350000
C -3.916082 12.970331 3.350000
C -13.229263 13.035636 3.350000
C 13.303788 13.037163 3.350000
C 3.990607 13.102467 3.350000
C -14.635754 13.233076 3.350000
C 2.584116 13.299908 3.350000
C -6.729065 13.365212 3.350000
C 10.490806 13.432044 3.350000
C -8.135556 13.562652 3.350000
C 9.084314 13.629484 3.350000
C -0.228866 13.694788 3.350000
C -1.635357 13.892228 3.350000
C -10.948538 13.957532 3.350000
C 6.271332 14.024364 3.350000
C -12.355029 14.154973 3.350000
C 4.864841 14.221804 3.350000
C -4.448340 14.287109 3.350000
C 12.771531 14.353940 3.350000
C -5.854831 14.484549 3.350000
C 11.365039 14.551381 3.350000
C 2.051859 14.616685 3.350000
C 0.645367 14.814125 3.350000
C -8.667813 14.879429 3.350000
C 8.552057 14.946261 3.350000
C -10.074304 15.076869 3.350000
C 7.145566 15.143701 3.350000
C -2.167615 15.209005 3.350000
C -3.574106 15.406446 3.350000
C 4.332584 15.538582 3.350000
C 2.926092 15.736022 3.350000
C -6.387088 15.801326 3.350000
C 10.832782 15.868158 3.350000
C -7.793579 15.998766 3.350000
C 9.426291 16.065598 3.350000
C 0.113110 16.130902 3.350000
C -1.293381 16.328342 3.350000
C -10.606562 16.393647 3.350000
C 6.613309 16.460478 3.350000
C 5.206817 16.657919 3.350000
C -4.106363 16.723223 3.350000
C -5.512854 16.920663 3.350000
C 2.393835 17.052799 3.350000
C 0.987344 17.250239 3.350000
C -8.325837 17.315543 3.350000
C 8.894034 17.382375 3.350000
C 7.487542 17.579815 3.350000
C -1.825638 17.645120 3.350000
C -3.232130 17.842560 3.350000
C 4.674560 17.974696 3.350000
C 3.268069 18.172136 3.350000
C -6.045112 18.237440 3.350000
C -7.451603 18.434880 3.350000
C 0.455087 18.567016 3.350000
C -0.951405 18.764457 3.350000
C 5.548794 19.094033 3.350000
C -3.764387 19.159337 3.350000
C 2.735812 19.488913 3.350000
C 1.329320 19.686353 3.350000
